 -20.00858425 -20.01018405
 -18.55344311 -18.55915593
 -18.53275970 -18.53834147
 -18.53273928 -18.53835279
 -18.53269742 -18.53833947
 -18.51769456 -18.52319590
 -18.51768438 -18.52318845
 -18.41227379 -18.42072231
 -18.31535969 -18.32543849
 -18.31518047 -18.32552276
 -18.31471635 -18.32532518
 -18.31033608 -18.32029195
 -18.30977159 -18.32031759
 -18.30968915 -18.32013840
 -18.30546409 -18.31302804

 -20.05663236 -20.05796711
 -18.59058820 -18.59533532
 -18.57609744 -18.58063360
 -18.57607898 -18.58062720
 -18.57606546 -18.58063060
 -18.56484918 -18.56934606
 -18.56483958 -18.56935253
 -18.42132405 -18.42890562
 -18.39296631 -18.39875616
 -18.33951207 -18.34818571
 -18.33948582 -18.34822365
 -18.33935092 -18.34799268
 -18.32633308 -18.33508660
 -18.32600954 -18.33476368
 -18.32585441 -18.33467744

 -20.09357014 -20.09487187
 -18.62799127 -18.63228426
 -18.61110407 -18.61518720
 -18.61109312 -18.61517753
 -18.61102400 -18.61515899
 -18.60352505 -18.60764006
 -18.60344523 -18.60762740
 -18.47433385 -18.47895102
 -18.43091172 -18.43746620
 -18.35296003 -18.36008711
 -18.35291346 -18.35996109
 -18.35280769 -18.35992153
 -18.33415074 -18.34125337
 -18.33392954 -18.34106700
 -18.33357927 -18.34072751

 -20.12274956 -20.12334316
 -18.66424856 -18.66756308
 -18.64069655 -18.64375306
 -18.64067909 -18.64374795
 -18.64065636 -18.64374542
 -18.63627254 -18.63934236
 -18.63624112 -18.63933402
 -18.53922363 -18.54232909
 -18.44487406 -18.44999247
 -18.35803822 -18.36362884
 -18.35794971 -18.36354455
 -18.35794105 -18.36354208
 -18.33518388 -18.34081588
 -18.33482425 -18.34042255
 -18.33481035 -18.34047952

 -20.14472741 -20.14517064
 -18.69665847 -18.69938025
 -18.66480558 -18.66730520
 -18.66477797 -18.66730040
 -18.66477543 -18.66729752
 -18.66264788 -18.66518284
 -18.66263006 -18.66517711
 -18.58959997 -18.59189095
 -18.46111817 -18.46515516
 -18.35638974 -18.36082847
 -18.35635481 -18.36086739
 -18.35628155 -18.36077859
 -18.33654826 -18.34262799
 -18.33652278 -18.34261960
 -18.33401098 -18.33833166

 -20.16146145 -20.16186586
 -18.72419690 -18.72660944
 -18.68446444 -18.68649234
 -18.68443575 -18.68648437
 -18.68441505 -18.68648340
 -18.68381452 -18.68587300
 -18.68380284 -18.68587041
 -18.62843454 -18.63032972
 -18.47594380 -18.47984449
 -18.36741079 -18.37262112
 -18.36734240 -18.37265114
 -18.35477209 -18.35959868
 -18.35469507 -18.35960082
 -18.35460598 -18.35957824
 -18.34983153 -18.35378262

 -20.17420016 -20.17460744
 -18.74676303 -18.74872679
 -18.70041384 -18.70202488
 -18.70036936 -18.70202223
 -18.70020787 -18.70177217
 -18.70014131 -18.70176724
 -18.70013929 -18.70176517
 -18.65849234 -18.65994648
 -18.48832333 -18.49154529
 -18.39154792 -18.39604957
 -18.39134851 -18.39605332
 -18.38047484 -18.38473435
 -18.38018838 -18.38474290
 -18.38016492 -18.38471936
 -18.34244699 -18.34612291

 -20.18400265 -20.18431162
 -18.76409968 -18.76566327
 -18.71297934 -18.71421545
 -18.71293492 -18.71421438
 -18.71233901 -18.71353934
 -18.71227631 -18.71353707
 -18.71227453 -18.71353527
 -18.68137113 -18.68246340
 -18.49627566 -18.49893547
 -18.40872315 -18.41242491
 -18.40830507 -18.41244356
 -18.39964201 -18.40308234
 -18.39906212 -18.40312610
 -18.39903927 -18.40310306
 -18.35013933 -18.35337923

 -20.19131635 -20.19167716
 -18.77641186 -18.77773283
 -18.72168213 -18.72301470
 -18.72167070 -18.72301595
 -18.72088297 -18.72220266
 -18.72086909 -18.72220258
 -18.72086234 -18.72220314
 -18.69806095 -18.69922904
 -18.49955185 -18.50169199
 -18.41890008 -18.42212241
 -18.41884692 -18.42212315
 -18.41138032 -18.41454728
 -18.41133878 -18.41455176
 -18.41130666 -18.41456174
 -18.37095086 -18.37378388

 -20.19694154 -20.19725730
 -18.78432144 -18.78541505
 -18.72791516 -18.72906771
 -18.72789428 -18.72906866
 -18.72715022 -18.72828530
 -18.72711899 -18.72828574
 -18.72711809 -18.72828482
 -18.71035842 -18.71140000
 -18.49820584 -18.50005809
 -18.42305322 -18.42582920
 -18.42298351 -18.42585708
 -18.41704706 -18.41974554
 -18.41692874 -18.41978361
 -18.41691536 -18.41977015
 -18.38433180 -18.38679244

 -20.20123712 -20.20147009
 -18.78849211 -18.78932459
 -18.73197056 -18.73290852
 -18.73195587 -18.73290904
 -18.73130930 -18.73223486
 -18.73129037 -18.73223544
 -18.73128455 -18.73223474
 -18.71905426 -18.71991527
 -18.49285874 -18.49447461
 -18.42207409 -18.42436246
 -18.42197800 -18.42438295
 -18.41728027 -18.41951076
 -18.41716288 -18.41954720
 -18.41714938 -18.41953218
 -18.39108728 -18.39319479

 -20.20448531 -20.20463567
 -18.78946548 -18.79007146
 -18.73431999 -18.73504501
 -18.73430733 -18.73504494
 -18.73379120 -18.73450702
 -18.73377556 -18.73450690
 -18.73376903 -18.73450606
 -18.72489927 -18.72557924
 -18.48435297 -18.48555679
 -18.41669556 -18.41853168
 -18.41662987 -18.41855189
 -18.41289994 -18.41470086
 -18.41282066 -18.41472362
 -18.41279296 -18.41471770
 -18.39227620 -18.39398205

 -20.20688796 -20.20700127
 -18.78782045 -18.78830348
 -18.73515426 -18.73592176
 -18.73514680 -18.73592134
 -18.73475275 -18.73551519
 -18.73474126 -18.73551432
 -18.73474105 -18.73551411
 -18.72836597 -18.72908860
 -18.47298312 -18.47390934
 -18.40754009 -18.40918756
 -18.40749959 -18.40919394
 -18.40456922 -18.40618872
 -18.40450687 -18.40619821
 -18.40450190 -18.40619321
 -18.38855359 -18.39010133

 -20.20863234 -20.20875688
 -18.78418934 -18.78462568
 -18.73534673 -18.73594552
 -18.73534642 -18.73594621
 -18.73505708 -18.73565230
 -18.73505344 -18.73565255
 -18.73505332 -18.73565243
 -18.73047957 -18.73105110
 -18.45926769 -18.46013907
 -18.39575106 -18.39711336
 -18.39570808 -18.39711063
 -18.39341686 -18.39479280
 -18.39339390 -18.39479416
 -18.39339040 -18.39479065
 -18.38115008 -18.38248923

 -20.20990181 -20.21005263
 -18.77928697 -18.77961742
 -18.73494949 -18.73541448
 -18.73494427 -18.73541423
 -18.73474871 -18.73521121
 -18.73474303 -18.73521078
 -18.73474296 -18.73521072
 -18.73148339 -18.73192977
 -18.44416147 -18.44483036
 -18.38192116 -18.38311772
 -18.38181917 -18.38310832
 -18.38019662 -18.38135731
 -18.38004533 -18.38134483
 -18.38004313 -18.38134261
 -18.37087394 -18.37210195

 -20.21086949 -20.21099985
 -18.77350948 -18.77379828
 -18.73420008 -18.73456148
 -18.73419997 -18.73456152
 -18.73406600 -18.73442531
 -18.73406513 -18.73442525
 -18.73406510 -18.73442521
 -18.73174473 -18.73209209
 -18.42802977 -18.42853804
 -18.36701015 -18.36801006
 -18.36698944 -18.36800981
 -18.36569678 -18.36669479
 -18.36567885 -18.36669619
 -18.36567747 -18.36669480
 -18.35887687 -18.35987539

 -20.21156569 -20.21168610
 -18.76733041 -18.76762210
 -18.73327558 -18.73356009
 -18.73326863 -18.73355980
 -18.73318826 -18.73347180
 -18.73318774 -18.73347179
 -18.73317648 -18.73347141
 -18.73153922 -18.73181475
 -18.41132341 -18.41176820
 -18.35183005 -18.35258492
 -18.35181346 -18.35258461
 -18.35088522 -18.35163385
 -18.35087664 -18.35163372
 -18.35085846 -18.35163449
 -18.34596113 -18.34671738

 -20.21206383 -20.21217833
 -18.76121871 -18.76146443
 -18.73226386 -18.73252799
 -18.73225630 -18.73252801
 -18.73220819 -18.73247251
 -18.73220818 -18.73247250
 -18.73219681 -18.73247257
 -18.73103709 -18.73129612
 -18.39461465 -18.39497333
 -18.33696593 -18.33763465
 -18.33694851 -18.33763128
 -18.33631509 -18.33697593
 -18.33629011 -18.33697138
 -18.33628965 -18.33697091
 -18.33286117 -18.33352708

 -20.21243995 -20.21252676
 -18.75541181 -18.75561140
 -18.73134697 -18.73154106
 -18.73133630 -18.73150850
 -18.73128106 -18.73150836
 -18.73126497 -18.73153680
 -18.73119273 -18.73150395
 -18.73043739 -18.73067510
 -18.37829608 -18.37857425
 -18.32342641 -18.32392826
 -18.32342071 -18.32392790
 -18.32299588 -18.32349404
 -18.32298765 -18.32349375
 -18.32298735 -18.32349345
 -18.32066603 -18.32116343

 -20.21269455 -20.21276983
 -18.75004366 -18.75026272
 -18.73032409 -18.73063988
 -18.73032383 -18.73063988
 -18.73030407 -18.73061973
 -18.73030368 -18.73061972
 -18.73030368 -18.73061972
 -18.72971934 -18.73002576
 -18.36256502 -18.36293480
 -18.31164824 -18.31212225
 -18.31163544 -18.31212129
 -18.31138781 -18.31185542
 -18.31136907 -18.31185405
 -18.31136896 -18.31185394
 -18.30986504 -18.31034072

 -20.21287483 -20.21293606
 -18.74536248 -18.74554241
 -18.72960536 -18.72985751
 -18.72960304 -18.72985745
 -18.72959493 -18.72984587
 -18.72959147 -18.72984578
 -18.72959147 -18.72984578
 -18.72917683 -18.72942296
 -18.34798824 -18.34836548
 -18.30219421 -18.30259292
 -18.30216864 -18.30259197
 -18.30205535 -18.30244073
 -18.30201774 -18.30243897
 -18.30201769 -18.30243892
 -18.30108684 -18.30149369

 -20.21296668 -20.21304714
 -18.74135824 -18.74149911
 -18.72899034 -18.72919252
 -18.72898987 -18.72919249
 -18.72898405 -18.72918595
 -18.72898342 -18.72918592
 -18.72898342 -18.72918592
 -18.72868773 -18.72888471
 -18.33471018 -18.33510205
 -18.29499830 -18.29534303
 -18.29498177 -18.29534211
 -18.29492464 -18.29526157
 -18.29489982 -18.29525994
 -18.29489981 -18.29525992
 -18.29433433 -18.29468398

 -20.21304708 -20.21311902
 -18.73800952 -18.73812771
 -18.72847993 -18.72864121
 -18.72847908 -18.72864117
 -18.72847677 -18.72863761
 -18.72847550 -18.72863754
 -18.72847550 -18.72863754
 -18.72826563 -18.72842294
 -18.32300796 -18.32335991
 -18.28975278 -18.29006210
 -18.28974382 -18.29006149
 -18.28971567 -18.29002053
 -18.28970243 -18.29001951
 -18.28970242 -18.29001950
 -18.28936079 -18.28967131

 -20.21309203 -20.21316372
 -18.73529364 -18.73538530
 -18.72806633 -18.72819390
 -18.72806633 -18.72819390
 -18.72806440 -18.72819195
 -18.72806440 -18.72819195
 -18.72806440 -18.72819195
 -18.72791461 -18.72803906
 -18.31297633 -18.31323464
 -18.28610990 -18.28632226
 -18.28610989 -18.28632226
 -18.28608928 -18.28630145
 -18.28608928 -18.28630145
 -18.28608928 -18.28630145
 -18.28587804 -18.28608898

 -20.21312895 -20.21318971
 -18.73313088 -18.73320337
 -18.72773651 -18.72783766
 -18.72773651 -18.72783766
 -18.72773550 -18.72783663
 -18.72773550 -18.72783663
 -18.72773549 -18.72783663
 -18.72762899 -18.72772785
 -18.30454581 -18.30474732
 -18.28354515 -18.28369793
 -18.28354515 -18.28369793
 -18.28353515 -18.28368785
 -18.28353515 -18.28368785
 -18.28353515 -18.28368784
 -18.28340288 -18.28355619

 -20.21313538 -20.21320251
 -18.73144449 -18.73150233
 -18.72746891 -18.72755814
 -18.72746872 -18.72755796
 -18.72746839 -18.72755762
 -18.72746839 -18.72755762
 -18.72746365 -18.72755746
 -18.72739099 -18.72748034
 -18.29769533 -18.29783960
 -18.28175388 -18.28186328
 -18.28175255 -18.28186241
 -18.28174907 -18.28185849
 -18.28174907 -18.28185849
 -18.28174258 -18.28185917
 -18.28166385 -18.28177544

 -20.21315163 -20.21320811
 -18.73015408 -18.73020089
 -18.72726783 -18.72734288
 -18.72726643 -18.72734289
 -18.72726278 -18.72734264
 -18.72726252 -18.72734238
 -18.72726252 -18.72734238
 -18.72721053 -18.72728798
 -18.29227717 -18.29238430
 -18.28049293 -18.28057996
 -18.28049252 -18.28058161
 -18.28048621 -18.28058113
 -18.28048393 -18.28057890
 -18.28048393 -18.28057890
 -18.28043351 -18.28052599

 -20.21315276 -20.21320839
 -18.72913951 -18.72921951
 -18.72711705 -18.72717984
 -18.72711705 -18.72717984
 -18.72711692 -18.72717971
 -18.72711692 -18.72717971
 -18.72711692 -18.72717971
 -18.72707800 -18.72714111
 -18.28809733 -18.28819884
 -18.27961737 -18.27968840
 -18.27961737 -18.27968840
 -18.27961631 -18.27968739
 -18.27961631 -18.27968739
 -18.27961631 -18.27968739
 -18.27958199 -18.27965251

 -20.21316045 -20.21320628
 -18.72842533 -18.72849534
 -18.72700794 -18.72705786
 -18.72700794 -18.72705786
 -18.72700788 -18.72705780
 -18.72700788 -18.72705780
 -18.72700788 -18.72705780
 -18.72698040 -18.72703071
 -18.28498378 -18.28507354
 -18.27901350 -18.27906769
 -18.27901350 -18.27906769
 -18.27901302 -18.27906725
 -18.27901302 -18.27906725
 -18.27901302 -18.27906725
 -18.27899027 -18.27904422

 -20.21316455 -20.21320269
 -18.72791691 -18.72796857
 -18.72692736 -18.72696762
 -18.72692736 -18.72696762
 -18.72692733 -18.72696759
 -18.72692733 -18.72696759
 -18.72692733 -18.72696759
 -18.72690821 -18.72694870
 -18.28273588 -18.28279862
 -18.27859539 -18.27863782
 -18.27859539 -18.27863782
 -18.27859516 -18.27863765
 -18.27859516 -18.27863765
 -18.27859516 -18.27863765
 -18.27858004 -18.27862235

 -20.21316644 -20.21319851
 -18.72755106 -18.72758994
 -18.72686866 -18.72690163
 -18.72686860 -18.72690163
 -18.72686845 -18.72690161
 -18.72686844 -18.72690159
 -18.72686844 -18.72690159
 -18.72685533 -18.72688852
 -18.28113100 -18.28117649
 -18.27830617 -18.27834132
 -18.27830457 -18.27834030
 -18.27829820 -18.27833846
 -18.27829815 -18.27833842
 -18.27829815 -18.27833842
 -18.27829002 -18.27832939

 -20.21316705 -20.21319430
 -18.72729161 -18.72732142
 -18.72682646 -18.72685391
 -18.72682646 -18.72685391
 -18.72682645 -18.72685391
 -18.72682645 -18.72685391
 -18.72682645 -18.72685391
 -18.72681740 -18.72684489
 -18.28000887 -18.28004218
 -18.27810705 -18.27813770
 -18.27810705 -18.27813770
 -18.27810703 -18.27813771
 -18.27810703 -18.27813771
 -18.27810703 -18.27813771
 -18.27810047 -18.27813099

 -20.21316698 -20.21319037
 -18.72711002 -18.72713337
 -18.72679666 -18.72681975
 -18.72679666 -18.72681975
 -18.72679666 -18.72681974
 -18.72679666 -18.72681974
 -18.72679666 -18.72681974
 -18.72679049 -18.72681358
 -18.27923685 -18.27926192
 -18.27797635 -18.27800082
 -18.27797635 -18.27800082
 -18.27797634 -18.27800085
 -18.27797634 -18.27800085
 -18.27797634 -18.27800085
 -18.27797192 -18.27799637

 -20.21316658 -20.21318684
 -18.72698455 -18.72700326
 -18.72677580 -18.72679547
 -18.72677580 -18.72679547
 -18.72677580 -18.72679547
 -18.72677580 -18.72679547
 -18.72677580 -18.72679547
 -18.72677163 -18.72679128
 -18.27871354 -18.27873303
 -18.27788804 -18.27790829
 -18.27788804 -18.27790829
 -18.27788803 -18.27790832
 -18.27788803 -18.27790832
 -18.27788803 -18.27790832
 -18.27788507 -18.27790536

 -20.21316608 -20.21318378
 -18.72689892 -18.72691424
 -18.72676137 -18.72677834
 -18.72676137 -18.72677834
 -18.72676137 -18.72677834
 -18.72676137 -18.72677834
 -18.72676137 -18.72677834
 -18.72675858 -18.72677551
 -18.27836362 -18.27837926
 -18.27782905 -18.27784625
 -18.27782905 -18.27784625
 -18.27782905 -18.27784628
 -18.27782905 -18.27784628
 -18.27782905 -18.27784628
 -18.27782708 -18.27784434

 -20.21316558 -20.21318116
 -18.72684118 -18.72685398
 -18.72675152 -18.72676631
 -18.72675152 -18.72676631
 -18.72675152 -18.72676631
 -18.72675152 -18.72676631
 -18.72675152 -18.72676631
 -18.72674966 -18.72676441
 -18.27813257 -18.27814546
 -18.27779007 -18.27780494
 -18.27779007 -18.27780494
 -18.27779007 -18.27780497
 -18.27779007 -18.27780497
 -18.27779007 -18.27780497
 -18.27778877 -18.27780372

 -20.21316514 -20.21317894
 -18.72680268 -18.72681358
 -18.72674486 -18.72675787
 -18.72674486 -18.72675787
 -18.72674486 -18.72675787
 -18.72674486 -18.72675787
 -18.72674486 -18.72675787
 -18.72674364 -18.72675660
 -18.27798176 -18.27799266
 -18.27776459 -18.27777762
 -18.27776459 -18.27777762
 -18.27776459 -18.27777764
 -18.27776459 -18.27777764
 -18.27776459 -18.27777764
 -18.27776374 -18.27777684

 -20.21316478 -20.21317708
 -18.72677734 -18.72678674
 -18.72674042 -18.72675195
 -18.72674042 -18.72675195
 -18.72674042 -18.72675195
 -18.72674042 -18.72675195
 -18.72674042 -18.72675195
 -18.72673962 -18.72675110
 -18.27788446 -18.27789382
 -18.27774811 -18.27775962
 -18.27774811 -18.27775962
 -18.27774811 -18.27775965
 -18.27774811 -18.27775965
 -18.27774811 -18.27775965
 -18.27774755 -18.27775915

 -20.21316450 -20.21317551
 -18.72676082 -18.72676904
 -18.72673749 -18.72674776
 -18.72673749 -18.72674776
 -18.72673749 -18.72674776
 -18.72673749 -18.72674776
 -18.72673749 -18.72674776
 -18.72673698 -18.72674720
 -18.27782232 -18.27783049
 -18.27773755 -18.27774781
 -18.27773755 -18.27774781
 -18.27773755 -18.27774783
 -18.27773755 -18.27774783
 -18.27773755 -18.27774783
 -18.27773719 -18.27774753

 -20.21316430 -20.21317418
 -18.72675017 -18.72675743
 -18.72673558 -18.72674478
 -18.72673558 -18.72674478
 -18.72673558 -18.72674478
 -18.72673558 -18.72674478
 -18.72673558 -18.72674478
 -18.72673525 -18.72674441
 -18.27778306 -18.27779027
 -18.27773085 -18.27774004
 -18.27773085 -18.27774004
 -18.27773085 -18.27774006
 -18.27773085 -18.27774006
 -18.27773085 -18.27774006
 -18.27773062 -18.27773989
