 5049183
 17704163
 23255008
 24082325
 24152244
 8
 335
 56
 51
 110
 63
 0
 0
 0
 0
 0
 0
 0
 0
 0
 0
 1613
 0
 437
 0
 5
 0
 0
 0
 0
 9
 2
 0
 16
 401
 0
 4
 2078
 0
 729
 0
 5
 56
 0
 0
 0
 0
 1943
 16
 3389
 23
 0
 226
 0
 51
 1
 346
 0
 1918
 0
 298
 19
 0
 0
 8
 2257
 0
 2
 0
 48
 0
 4
 0
 0
 6
 0
 1159
 13
 0
 0
 4997
 16605
 118
 0
 0
 0
 6
 0
 4315
 0
 0
 20087
 2738
 15
 0
 0
 204
 2
 0
 0
 0
 0
 1
 0
 0
 0
 0
 0
 290
 0
 40096
 8826
 3016
 19
 0
 0
 332
 0
 0
 5276
 0
 6508
 155
 18
 0
 25203
 86
 0
 604
 116796
 0
 1868
 0
 0
 0
 0
 22
 2891
 0
 4
 7
 50490
 0
 38684
 0
 31
 0
 0
 16560
 0
 109
 0
 0
 0
 0
 797
 0
 0
 10255
 1162
 0
 47689
 0
 0
 0
 0
 0
 0
 9
 75
 0
 0
 0
 496
 0
 454
 0
 0
 14060
 0
 33
 1204
 0
 0
 78031
 0
 29
 0
 0
 0
 0
 25
 97068
 29140
 3232
 0
 0
 0
 0
 0
 0
 0
 0
 29929
 185
 0
 0
 310872
 15
 3391
 350874
 8284
 22
 1
 6
 55
 18948
 0
 11550
 1
 71053
 0
 927
 0
 0
 185
 918
 2
 0
 0
 5031
 1189
 3
 0
 1489
 0
 0
 0
 82
 22
 0
 0
 8
 0
 443
 782254
 54
 7825
 0
 0
 0
 22
 37
 64
 80610
 0
 207
 0
 0
 0
 519
 0
 5886
 0
 3
 66
 1
 0
 132347
 0
 0
 1197
 0
 0
 6
 1
 7
 14142
 0
 0
 0
 0
 0
 19
 0
 11
 3746
 183103
 0
 0
 3
 0
 0
 0
 165544
 0
 0
 0
 0
 0
 1725
 8
 14952
 24
 114
 29
 0
 37
 29
 4919
 0
 2783
 0
 0
 29345
 135
 0
 3053
 0
 0
 0
 0
 0
 5635
 1485
 113113
 1
 1388
 3
 0
 0
 14203
 363
 100
 0
 0
 0
 0
 140794
 5
 1520
 0
 106
 0
 15
 1084
 0
 6069
 15824
 354
 146
 391
 21
 0
 0
 0
 0
 0
 0
 82
 0
 0
 304
 0
 0
 0
 263
 21620
 0
 0
 0
 0
 4669
 1126
 33
 1122
 622
 0
 181
 337271
 30785
 0
 1135
 1
 0
 300
 0
 0
 365505
 8102
 7
 0
 0
 0
 1652
 666
 593
 2801
 1821
 0
 0
 0
 0
 6
 180
 1
 131
 9
 0
 49
 0
 1572
 4037
 16224
 2677
 0
 6
 0
 3409
 47
 9
 123
 77917
 11114
 0
 9
 0
 0
 1
 6647
 33015
 0
 91
 162
 0
 0
 0
 0
 205803
 9624
 185713
 0
 0
 32188
 7
 0
 151
 910517
 23291
 29
 0
 7960
 0
 0
 7031
 0
 0
 0
 130
 44
 686
 1299
 0
 0
 0
 14
 0
 46
 0
 0
 0
 1995
 58
 0
 0
 768
 1202
 376503
 119
 0
 29929
 67
 0
 0
 42
 0
 0
 0
 0
 0
 0
 1815
 0
 0
 401
 18415
 5903
 1
 0
 3395
 0
 936739
 0
 3912
 0
 4
 0
 94
 285200
 1572
 0
 0
 555
 0
 0
 0
 16
 11325
 0
 102
 0
 4001
 305
 33
 0
 0
 24
 0
 0
 0
 1065
 60
 330
 106398
 0
 0
 1
 0
 0
 577619
 21889
 0
 349058
 40
 0
 2342
 0
 0
 1
 87
 18
 0
 79
 0
 0
 0
 0
 0
 4
 0
 0
 2131
 159020
 19
 0
 179
 34
 0
 0
 0
 40540
 0
 2483
 2280
 0
 0
 102159
 2153
 0
 0
 0
 0
 3100
 0
 0
 0
 0
 0
 0
 0
 0
 0
 0
 1
 0
 0
 49
 166448
 17
 848
 0
 0
 439
 71693
 27
 4689
 1048
 0
 25
 1023
 2784
 39
 0
 564
 90
 133
 0
 0
 6
 0
 110
 26460
 0
 73492
 72342
 12136
 0
 0
 4
 0
 0
 1673
 0
 30
 0
 0
 131
 28
 0
 0
 0
 8905
 0
 32
 0
 4067
 5233
 0
 0
 3
 4931
 856
 341598
 35
 34111
 556
 0
 0
 0
 0
 0
 1
 280
 10
 4
 0
 8
 592
 0
 0
 92
 0
 0
 113545
 0
 0
 22636
 561046
 0
 8131
 58
 64
 0
 0
 0
 0
 0
 269
 757
 12
 99995
 90
 0
 100851
 0
 84761
 3220
 0
 0
 0
 4
 111
 1
 2
 53
 60
 176036
 0
 2330
 0
 0
 0
 4001
 842
 0
 12
 16
 0
 0
 0
 10
 48
 0
 104647
 596
 0
 0
 0
 0
 62
 704856
 554
 0
 0
 0
 107
 492
 28
 7
 0
 0
 953968
 8020
 0
 83
 0
 0
 438
 530
 0
 0
 0
 959892
 21430
 0
 1117
 4942
 0
 0
 0
 2833
 0
 0
 0
 14770
 0
 0
 0
 0
 3
 0
 0
 0
 225
 34
 0
 0
 0
 144
 25094
 5
 194
 8551
 0
 6093
 2460
 5796
 0
 0
 0
 3
 0
 0
 84
 2407
 13389
 14125
 0
 0
 2
 3800
 10867
 17
 1105
 0
 615
 89
 184
 0
 3565
 10966
 0
 40
 0
 0
 54
 96
 852
 0
 3905
 0
 0
 0
 717
 0
 0
 0
 2929
 0
 0
 0
 0
 40785
 427
 0
 0
 7122
 0
 448361
 4
 542
 589
 0
 0
 14
 0
 0
 8305
 104154
 3
 0
 15
 1019
 566
 0
 0
 0
 0
 340
 0
 0
 3
 0
 34
 124
 4499
 609
 0
 739
 2
 0
 18
 440
 0
 0
 0
 1067
 0
 3513
 294
 192
 0
 0
 0
 114
 0
 0
 263733
 82415
 0
 0
 0
 39
 0
 0
 0
 1927
 0
 16
 0
 17
 11
 196
 0
 1
 187
 2558
 0
 832645
 20382
 278016
 146
 91
 0
 819
 210
 0
 0
 0
 5
 202
 0
 0
 47
 0
 0
 0
 0
 0
 271
 0
 0
 0
 66
 0
 0
 0
 0
 0
 230
 0
 0
 1667
 0
 35
 0
 0
 4650
 4135
 336
 0
 0
 1004
 153
 0
 0
 73674
 11
 2
 0
 748
 30334
 85840
 206
 0
 0
 7416
 0
 0
 373354
 8
 16
 23
 70188
 0
 804
 0
 22
 0
 395
 95
 0
 0
 24248
 8493
 315764
 258
 238
 257631
 3434
 0
 54
 870
 0
 0
 66
 2
 563
 215552
 82191
 0
 1018
 18
 0
 298
 0
 4961
 17
 2280
 4
 419
 0
 0
 1944
 0
 0
 0
 0
 57733
 406
 0
 0
 0
 14
 0
 733
 41698
 0
 0
 0
 247
 0
 905923
 0
 172
 37811
 7
 496
 0
 0
 0
 3
 957
 0
 0
 151
 6594
 2068123
 0
 204775
 13554
 4
 0
 4
 0
 11
 0
 0
 859
 6
 42
 394
 0
 0
 0
 1008
 0
 210
 0
 651
 3
 161
 62
 0
 535
 54
 362
 0
 12714
 147269
 0
 151
 0
 0
 0
 0
 9829
 0
 393
 110
 0
 209830
 352956
 0
 0
 0
 30
 0
 0
 14
 31
 3453
 0
 87
 0
 0
 0
 0
 196
 0
 178
 5822
 0
 949
 0
 54
 278
 11
 334
 194
 0
 0
 0
 10313
 0
 13
 6
 474
 9211
 3
 40
 0
 0
 182
 0
 19940
 0
 0
 0
 0
 0
 57290
 15347
 10539
 0
 0
 581
 0
 0
 0
 135
 1491
 319262
 0
 0
 0
 14
 431
 0
 0
 0
 90
 0
 568779
 29041
 293
 0
 0
 0
 1
 82
 0
 1
 215
 90
 0
 806
 504315
 437
 0
 0
 0
 436
 26
 3463
 0
 10125
 16
 211
 0
 103
 0
 0
 110
 0
 1
 35
 0
 173
 1
 0
 0
 0
 11
 6010
 1627
 14
 0
 0
 0
 0
 32
 17
 0
 0
 6783
 0
 0
 0
 0
 15017
 2224
 0
 0
 0
 0
 0
 6
 4
 482
 8811
 0
 0
 0
 7
 26
 92
 142
 0
 8578
 0
 326
 0
 3828
 170
 44
 51910
 2576618
 1807236
 6755
 149
 8339
 65600
 0
 0
 0
 0
 0
 6217
 15045
 0
 44781
 0
 4697
 0
 0
 10
 10
 9
 5730
 0
 11359
 685
 0
 0
 0
 436
 17227
 99737
 0
 43
 4874
 0
 42
 0
 0
 0
 0
 0
 0
 2632
 0
 0
 1
 45
 0
 0
 0
 661
 0
 6
 0
 784869
 0
 4
 0
 4732
 0
 1459
 9
 101
 0
 290
 218
 617
 0
 0
 376897
 0
 10972
 0
 0
 0
 280
 7
 50539
 0
 13
 419910
 134
 5785
 147251
 124
 371
 14497
 0
 4699
 2
 0
 0
 99
 747456
 0
 0
 0
 0
 0
 0
 0
 11
 0
 2490
 164945
 0
 0
 0
 0
 92
 0
 0
 4
 0
 0
 0
 0
 0
 1534
 2083
 10665
 1513378
 142992
 0
 132
 23
 11
 0
 0
 0
 0
 0
 0
 0
 0
 3664
 52929
 0
 0
 19
 10
 19476
 0
 3
 506
 0
 0
 51
 2
 4838
 0
 3153
 9
 27
 0
 262
 231
 0
 230596
 507
 648
 0
 1706
 40
 0
 58357
 6
 0
 0
 0
 4026
 0
 0
 313
 995
 1497
 0
 0
 0
 0
 0
 0
 13506
 143745
 7110
 0
 6131
 895997
 58569
 209
 0
 0
 0
 0
 0
 21
 222
 1220
 375931
 1
 0
 0
 117
 65
 14961
 6645
 25
 0
 0
 921
 17
 131
 4
 0
 829
 0
 16968
 2
 24650
 0
 0
 0
 1621
 3757
 1398430
 300
 6
 0
 0
 6513
 1
 0
 14389
 8
 16998
 0
 0
 46
 41
 2
 0
 79648
 0
 0
 268
 314629
 0
 130213
 0
 1
 0
 0
 51248
 0
 1224
 156501
 2734
 0
 7190
 16794
 20864
 7
 0
 0
 564605
 51
 0
 0
 0
 0
 0
 0
 37
 6170
 0
 0
 0
 165
 0
 0
 13
 22793
 26
 0
 18
 0
 12890
 0
 180
 0
 3896
 1365
 95
 4343
 4
 165
 0
 0
 0
 0
 0
 0
 8
 0
 16
 112
 18074
 1
 615
 0
 0
 7223
 112900
 0
 0
 0
 18466
 150
 4569
 0
 15
 0
 100
 0
 0
 0
 9
 170
 5875
 441
 0
 8
 1876
 0
 0
 2
 0
 17358
 0
 0
 0
 0
 1
 1257
 880
 0
 0
 0
 0
 0
 2786
 0
 0
 289
 0
 553
 0
 0
 759
 24040
 471
 0
 0
 15
 0
 0
 34513
 124
 8022
 0
 2
 2555
 0
 0
 0
 0
 0
 34
 0
 2
 0
 506
 4
 381879
 15
 0
 27505
 558
 10257
 39
 590237
 1
 0
 1
 12
 44582
 560665
 29
 0
 0
 11054
 335
 121
 785304
 0
 0
 0
 15
 3046
 299
 93984
 51
 0
 0
 0
 0
 0
 1
 234
 0
 0
 0
 0
 0
 0
 105
 96756
 0
 0
 154294
 0
 565118
 95316
 5
 0
 0
 9304
 0
 625
 0
 0
 0
 2
 0
 136154
 42
 0
 271
 0
 95
 0
 665633
 11955
 12
 8
 26
 202
 0
 0
 0
 0
 0
 9
 0
 0
 0
 57
 0
 0
 0
 0
 0
 139
 0
 0
 2505741
 5889
 0
 0
 0
 423713
 166747
 0
 3
 158
 0
 7
 45
 0
 0
 0
 1
 0
 45
 0
 1004
 81
 823
 466
 0
 0
 0
 0
 0
 2
 21
 0
 11
 0
 0
 1
 0
 6170
 48901
 8
 62849
 1
 0
 0
 0
 15
 48
 16236
 0
 7137
 0
 6733
 0
 1
 528
 0
 11798
 0
 9548
 367
 0
 0
 0
 1
 0
 2449
 0
 2563916
 507576
 832
 0
 0
 412
 372
 0
 98
 0
 0
 15253
 0
 0
 6
 3
 0
 0
 0
 0
 0
 5325
 1
 2023
 15
 655
 0
 0
 0
 23
 80
 1394
 3
 0
 0
 0
 0
 0
 0
 6
 0
 430015
 76918
 65
 36
 2
 0
 2
 0
 156
 1889
 8
 2
 308
 21248
 1504
 567
 0
 3
 0
 1178
 6
 6
 18110
 0
 41
 0
 0
 0
 6
 4048
 0
 544
 0
 0
 242
 41061
 1821
 2406
 29582
 0
 169
 2757
 1243
 7458
 0
 362724
 11346
 18
 0
 1
 0
 174
 0
 138
 25
 0
 29
 0
 0
 1705
 2
 331
 0
 0
 9
 271
 23157
 4574
 69
 0
 13
 0
 0
 31
 0
 113
 0
 0
 0
 4174
 0
 0
 0
 38
 32148
 433
 0
 31
 0
 405
 0
 156
 0
 0
 0
 0
 1505
 130
 0
 0
 287
 1544
 0
 12169
 90
 0
 0
 0
 0
 0
 0
 0
 6897
 620
 0
 0
 0
 11
 0
 0
 10630
 301
 21
 15
 7976
 51218
 0
 28438
 21
 0
 0
 45
 1
 0
 0
 0
 363
 0
 0
 315
 0
 0
 1011
 0
 0
 0
 4798
 1105222
 0
 0
 0
 0
 0
 0
 0
 0
 0
 0
 1
 0
 350
 0
 356
 17
 6
 16529
 2
 0
 811
 0
 0
 21
 0
 0
 4675
 2674
 11
 0
 1501573
 62192
 0
 733789
 0
 0
 0
 0
 1
 0
 6
 0
 0
 6
 130
 20
 1
 412
 0
 3268
 382
 4097
 0
 0
 5918
 0
 0
 19
 219
 0
 0
 0
 0
 146
 678
 1
 2
 169
 253761
 0
 0
 1
 3
 54
 5184
 0
 1799
 0
 0
 3283
 337
 5721
 0
 0
 0
 9
 98
 15986
 20342
 0
 0
 3
 1
 38
 7324
 0
 0
 0
 1
 145313
 341
 0
 2598363
 11
 6
 527
 329
 0
 0
 49
 130
 0
 67
 12
 108
 1285
 0
 0
 0
 0
 0
 0
 0
 0
 0
 0
 129
 0
 187
 0
 3
 0
 35
 337795
 22
 0
 0
 18
 381
 0
 0
 0
 8
 23
 188
 4984
 1798153
 2761
 108
 6728
 4
 21
 4
 1
 0
 0
 0
 241
 55
 7
 54
 0
 2518
 28
 0
 5
 0
 6317
 0
 0
 57
 21
 0
 0
 6
 0
 0
 3
 0
 0
 0
 181
 0
 14312
 9
 3
 569327
 2
 0
 11
 17961
 15418
 16159
 0
 0
 0
 0
 0
 0
 539
 13
 1676
 4693
 599
 7100
 0
 0
 430
 0
 0
 564823
 0
 123538
 101
 0
 0
 1
 0
 2338401
 557153
 0
 0
 9326
 0
 1
 770
 89
 5601
 0
 0
 62
 1
 12070
 600
 0
 1
 0
 3
 75
 10
 11
 31
 0
 0
 0
 92
 0
 0
 895
 1341
 0
 4333
 4038
 0
 997
 0
 44
 0
 0
 0
 0
 9293
 0
 0
 0
 9491
 0
 226
 19
 0
 1523
 55086
 0
 0
 2
 1
 9
 0
 0
 51
 165195
 0
 18
 41205
 6529
 0
 0
 52
 62324
 0
 578479
 0
 0
 0
 0
 0
 0
 2613580
 0
 0
 0
 0
 5
 5157
 4
 30
 0
 0
 0
 43627
 4029
 322
 6
 139
 85
 0
 4
 4
 0
 0
 90
 0
 0
 0
 10804
 576399
 6771
 0
 9393
 0
 0
 88
 1318
 0
 2496239
 0
 19153
 0
 78
 6
 6175
 149
 1469
 0
 0
 1980
 0
 0
 768
 0
 5
 12
 7635
 58
 0
 0
 953
 0
 8630
 0
 0
 37106
 0
 0
 403
 62
 365
 7
 0
 0
 0
 263
 0
 0
 6
 0
 403
 33
 0
 0
 0
 5
 7267
 0
 2
 129
 0
 0
 67608
 0
 0
 172
 0
 304
 198812
 0
 0
 5407
 0
 117
 4938463
 7645
 0
 43
 0
 0
 0
 185387
 0
 3463
 0
 0
 0
 0
 0
 14385
 3
 0
 0
 1
 0
 4863602
 22
 20
 0
 0
 0
 21
 3142
 0
 0
 48471
 0
 0
 0
 2602
 0
 0
 19107
 0
 1899
 308
 0
 6221
 16
 36
 0
 0
 141
 0
 0
 784
 29
 10
 0
 5
 77096
 1425
 0
 1
 0
 11
 12
 0
 24135
 5
 0
 2792
 823
 0
 7
 0
 0
 1751
 0
 0
 0
 0
 0
 3503
 12
 339
 0
 0
 0
 924
 0
 0
 4
 101
 700
 0
 73435
 10
 27
 0
 7
 71
 0
 0
 0
 0
 17
 0
 0
 0
 5
 630
 84260
 687269
 863
 635
 49834
 0
 0
 23363
 0
 188
 57396
 792978
 1559873
 5333
 0
 0
 0
 72
 22
 0
 39
 0
 0
 1
 0
 1140522
 681
 0
 1916
 0
 0
 917
 43
 6651
 2
 0
 3
 0
 670
 0
 4
 63
 56
 0
 774
 1526
 0
 0
 3110
 0
 0
 0
 9215
 12275
 0
 766692
 12585
 10
 0
 478011
 43
 1931
 110790
 0
 161
 0
 51392
 0
 125
 0
 15
 0
 0
 1766
 0
 57054
 0
 432
 0
 388
 0
 0
 569
 92
 10244
 35014
 0
 134
 8623
 0
 0
 0
 0
 1415
 146
 223071
 3435
 0
 0
 0
 0
 834
 0
 707
 0
 3195
 0
 0
 0
 9
 260706
 0
 0
 0
 0
 0
 0
 0
 0
 0
 0
 0
 0
 0
 82364
 0
 5
 1552
 2499
 0
 0
 1448
 0
 0
 104
 190
 0
 0
 8
 508677
 1843391
 99640
 0
 42
 3340
 0
 16
 0
 4499
 1511
 1078
 17
 5050
 0
 487
 144
 0
 0
 0
 14
 330
 0
 1270
 0
 0
 4
 12
 2
 0
 41
 4406
 0
 34573
 4924
 0
 505
 462
 0
 3006
 178
 8
 453
 0
 0
 9
 0
 0
 0
 5762
 0
 0
 4932
 357
 26
 0
 237
 109263
 0
 0
 731
 0
 60
 4694
 0
 6793
 182
 0
 41670
 5286
 0
 59
 0
 0
 0
 0
 81691
 8770
 0
 0
 36695
 588323
 0
 143
 138
 21
 4
 5060428
 15339
 3808
 19
 185
 1993
 145
 3
 5051
 0
 0
 2776
 0
 0
 0
 0
 0
 0
 0
 64
 30204
 493
 0
 0
 62138
 17
 0
 137
 0
 101947
 0
 0
 55593
 0
 0
 2223
 404
 0
 0
 0
 0
 0
 0
 2285
 0
 535
 22880
 1259
 225
 0
 0
 0
 0
 0
 0
 0
 3031
 1937
 0
 12001
 0
 1036
 73
 0
 16
 1
 3775
 0
 5208
 0
 11790
 0
 100
 392
 0
 305
 0
 0
 560
 2745
 92
 0
 7878
 3
 0
 69
 33
 0
 0
 53826
 0
 0
 295
 0
 0
 4027
 0
 0
 0
 0
 2
 1813432
 35915
 0
 13
 0
 1
 142
 0
 0
 2
 39326
 0
 0
 759
 2
 0
 0
 16218
 4722
 0
 50403
 116136
 1812663
 33270
 0
 0
 34293
 0
 14
 0
 0
 4
 50
 1479
 1
 0
 337
 85
 0
 0
 49
 0
 8
 0
 0
 0
 479
 0
 7
 18
 0
 34
 15
 0
 7
 3
 0
 103
 0
 0
 543
 276
 83070
 8741
 0
 4479
 98
 0
 64
 0
 4666
 0
 208
 48
 98
 1019
 0
 807
 113
 3
 0
 1081
 0
 0
 4
 225
 0
 0
 1580
 74
 28501
 312
 9690
 1
 1296
 2552343
 38521
 0
 190
 0
 1520
 5826
 0
 82821
 0
 138
 4878
 185
 85935
 0
 26117
 0
 0
 0
 0
 14136
 0
 0
 0
 3634
 0
 4166
 773156
 8576
 0
 0
 7
 0
 0
 6873
 5057
 21778
 0
 0
 259
 8
 278
 0
 96
 557877
 167686
 104
 2
 48
 0
 2
 3128
 0
 0
 911
 16824
 0
 349326
 128830
 4397
 7483
 0
 2
 3033
 0
 0
 0
 116818
 1528
 0
 0
 754
 0
 7
 7953
 0
 0
 354
 1701
 0
 0
 0
 797
 2167
 0
 34
 0
 487
 8417
 59872
 0
 0
 6138
 3
 7601
 1
 0
 0
 0
 0
 0
 12
 3
 6475
 125
 0
 5280
 332
 5
 0
 0
 22
 0
 0
 0
 146840
 930
 66
 8298
 0
 89
 362
 0
 1334
 2
 0
 22168
 9
 0
 23580
 196
 0
 882
 0
 3817
 0
 0
 0
 0
 5
 0
 7
 0
 0
 0
 2308
 122628
 42631
 0
 14688
 0
 1
 3
 12710
 7706
 495
 0
 0
 0
 21
 5762
 221
 0
 0
 0
 136
 1451
 0
 0
 862
 0
 594
 406
 0
 2445
 0
 98209
 0
 337489
 0
 12637
 0
 0
 0
 925
 8044
 230302
 62
 35
 221051
 2473
 1
 61
 5
 0
 3771
 2
 5
 0
 510
 42
 0
 291
 0
 0
 0
 0
 5
 557
 0
 0
 15
 519
 117957
 0
 13113
 3760
 0
 0
 0
 66
 236
 16
 0
 0
 0
 0
 741
 2324
 98003
 7699
 429
 0
 18
 0
 4
 0
 0
 701
 676
 15128
 0
 0
 227
 23
 116363
 16019
 102847
 2383
 0
 0
 283
 57
 60
 0
 0
 261
 251
 0
 0
 9
 41
 22
 0
 1672
 913
 7906
 95
 0
 183
 0
 14
 0
 555
 88
 0
 0
 17517
 28445
 0
 0
 0
 3045
 8
 0
 0
 25
 0
 13
 2
 0
 147
 13
 895
 1720
 0
 0
 0
 0
 0
 0
 0
 0
 150
 0
 0
 4897
 0
 0
 8
 90
 9835
 16
 454
 161
 0
 20
 0
 1316
 0
 0
 0
 0
 0
 1083
 0
 454812
 1513
 13789
 0
 2368993
 4903400
 562208
 0
 6
 0
 0
 83
 193
 0
 0
 0
 0
 76
 370
 0
 0
 7165
 15
 118212
 0
 0
 0
 13
 2
 442
 20
 13897
 0
 0
 0
 7367
 1
 0
 0
 1511
 69
 0
 0
 0
 7530
 1
 3
 0
 182
 7
 0
 0
 61
 0
 0
 0
 0
 0
 2960
 0
 11
 0
 521
 0
 23
 0
 604
 416
 6332
 60
 3
 0
 589
 0
 201
 0
 0
 127
 371307
 3287
 194146
 0
 0
 0
 0
 27287
 0
 125
 767
 1401
 1
 8153
 922
 578214
 1599
 0
 0
 0
 0
 183
 0
 2063
 39256
 0
 81089
 42
 0
 0
 0
 117083
 2
 0
 0
 181483
 0
 0
 0
 0
 20
 0
 0
 123660
 2537520
 856
 0
 309
 291
 22
 0
 20
 0
 9062
 3436
 2031
 1334
 87
 401
 0
 0
 0
 32
 2483660
 8690
 0
 198
 2776
 0
 0
 10120
 0
 0
 0
 0
 9205
 0
 591
 0
 0
 0
 405
 10
 0
 629
 58
 2893
 471
 17082
 1002
 0
 0
 2
 0
 177
 0
 5703
 24
 201
 3509
 29011
 3323
 3
 0
 2862
 2806229
 80789
 6681
 6517
 67
 155
 98
 0
 0
 0
 0
 221
 611
 41
 16
 8
 474
 0
 0
 0
 3
 21
 39
 28
 579712
 8210
 0
 9
 0
 0
 0
 0
 0
 0
 33
 5892
 3943
 0
 343
 579
 0
 199
 2
 9
 3896
 0
 2505
 0
 0
 2
 2856
 0
 460
 604
 0
 491
 416
 8681
 87020
 7213
 3160
 79760
 11
 0
 0
 0
 0
 9
 0
 9712
 0
 0
 0
 0
 0
 5079836
 250394
 0
 1
 1374
 0
 0
 11
 1
 128322
 0
 1
 0
 40
 0
 0
 3
 0
 3
 66
 0
 140
 27802
 0
 17
 0
 8853
 21
 255
 571
 1027
 0
 251
 817322
 4
 0
 9
 0
 1389
 0
 562398
 1596
 0
 0
 0
 1
 215
 1880
 50
 0
 0
 0
 0
 0
 0
 0
 1
 0
 0
 0
 0
 150
 79
 2021
 38
 69
 9610
 425
 1261
 254336
 0
 0
 43
 0
 5
 561
 87
 74
 0
 233
 2533238
 1449728
 545
 0
 327
 0
 0
 0
 391
 41
 201
 0
 12829
 25
 0
 81
 0
 9
 7
 0
 0
 0
 0
 2219
 130
 5995
 0
 94
 19
 11466
 15065
 409
 1467
 1
 0
 1991
 0
 0
 0
 27
 0
 6990
 3371
 33
 0
 41
 0
 116
 333685
 32438
 2
 49
 301
 0
 25
 0
 0
 68179
 0
 0
 0
 0
 0
 0
 2158
 18077
 6461
 365382
 40939
 0
 52508
 46
 10625
 4202
 0
 0
 33531
 0
 0
 0
 0
 0
 57
 13
 1
 37
 0
 0
 6057
 0
 7878
 88
 0
 0
 88
 101
 20
 0
 5742
 0
 383
 350
 54
 1094
 706
 2
 151
 0
 0
 0
 0
 26
 0
 165
 26
 791154
 0
 8801
 5141273
 61377
 0
 30
 2496
 65
 0
 81
 0
 1
 306
 0
 0
 11
 105
 1229
 0
 9
 0
 0
 15
 78
 3
 0
 1
 8258
 0
 340
 62
 11214
 0
 2722
 2031
 173344
 0
 17239
 8
 0
 0
 2504339
 1808912
 1823
 4
 0
 0
 813
 456199
 0
 0
 0
 6
 0
 8
 70
 322
 79544
 0
 0
 2203
 154
 0
 0
 1439
 594969
 0
 699
 0
 74
 681
 1140
 1421
 0
 0
 4
 178
 5
 2905
 1816
 0
 50877
 1292
 0
 698184
 1321
 254
 485018
 0
 98
 108
 12
 0
 0
 0
 0
 1
 0
 0
 0
 1
 151
 123
 0
 0
 0
 8
 54207
 814186
 0
 0
 5920
 4061
 0
 4927
 0
 86
 18
 2705
 0
 7
 4273
 0
 0
 0
 0
 0
 232
 5152
 15346
 174
 1
 38
 0
 0
 35
 0
 21
 0
 10
 59934
 322008
 66959
 0
 95
 0
 2643
 0
 0
 26
 506
 1009
 975
 78
 0
 0
 0
 11
 1067
 199
 90
 0
 0
 0
 0
 0
 0
 0
 0
 0
 7457
 0
 0
 554
 119
 2
 0
 4033
 11
 0
 3
 0
 1175
 2816
 0
 2439
 811
 0
 0
 8573
 0
 80
 0
 2
 828
 0
 10
 1
 17937
 50950
 1226
 0
 39274
 1
 11
 2365
 0
 0
 75
 0
 0
 92
 0
 8943
 0
 103
 7
 0
 1
 20133
 0
 0
 0
 0
 0
 0
 0
 1979
 0
 0
 29
 31
 888
 0
 883
 0
 0
 0
 43
 0
 36
 0
 47202
 0
 374
 42189
 0
 154
 113678
 44
 0
 0
 11
 0
 0
 983
 0
 308
 0
 43
 647
 0
 0
 1161
 281219
 0
 8
 11
 0
 5
 0
 4401
 947290
 0
 0
 3
 4988
 0
 1011
 38
 4
 0
 0
 0
 4
 11109
 0
 51
 0
 0
 71958
 0
 2407
 587
 3
 75373
 0
 4906063
 2959
 304
 81
 0
 0
 12
 2077
 12
 0
 0
 2722
 2
 0
 47
 0
 0
 0
 0
 48
 0
 383
 0
 5
 0
 3
 0
 0
 1
 55995
 0
 1987
 276
 2
 5159
 0
 169510
 0
 0
 0
 627502
 18
 29
 8
 0
 3
 0
 0
 46
 2122
 388
 76996
 689
 4
 7
 73
 0
 0
 62
 0
 7991
 0
 295
 4413
 0
 0
 0
 0
 0
 0
 88
 0
 858
 1
 0
 48
 4
 13
 1
 0
 218
 0
 0
 109
 0
 645
 27
 0
 0
 0
 0
 0
 1388906
 0
 697
 0
 1656
 27
 52
 21762
 93
 0
 20
 0
 121394
 0
 826
 1010351
 0
 0
 0
 318
 5925
 250
 699
 0
 468
 0
 40067
 0
 0
 34
 0
 869
 12675
 274
 7
 4904370
 20682722
 0
 2
 0
 0
 0
 589545
 0
 26612
 0
 0
 62811
 0
 492401
 2055
 54964
 0
 2
 1899
 1740
 0
 125
 0
 391
 842
 0
 0
 2090
 278
 0
 0
 162
 0
 0
 91
 1062
 18
 0
 26
 0
 7904
 0
 0
 146
 1
 17
 0
 0
 0
 0
 0
 20
 22
 0
 0
 143030
 0
 120592
 0
 0
 269
 0
 0
 0
 16
 0
 0
 4455
 0
 0
 0
 57
 0
 0
 0
 0
 0
 0
 8285
 57
 0
 0
 0
 11
 0
 0
 0
 2
 13616
 1
 7167
 911
 16461
 0
 0
 9033
 0
 0
 0
 0
 88969
 0
 4072
 19758
 506
 437
 3
 550
 0
 30648
 4968648
 0
 4
 0
 0
 0
 34
 0
 2
 0
 31
 52255
 44
 36
 57
 0
 112
 0
 3989
 1
 0
 2878
 0
 0
 0
 3
 6
 9
 0
 1664
 0
 0
 0
 0
 0
 805
 0
 5636
 2264
 11
 1411
 2034
 5083286
 10031
 3
 0
 24
 0
 0
 0
 0
 0
 8
 0
 0
 0
 0
 0
 0
 0
 0
 20
 0
 15411
 24
 0
 0
 10
 5708
 0
 2795
 217
 0
 0
 0
 1700
 0
 6721
 0
 0
 0
 0
 0
 9
 0
 2
 0
 12
 0
 0
 0
 0
 7
 0
 0
 5
 98
 574
 0
 109
 76
 38
 0
 0
 0
 0
 0
 0
 0
 15114
 0
 766
 16545
 1
 0
 0
 1
 0
 0
 0
 7
 165
 0
 0
 91481
 0
 24
 0
 16901
 14376
 216
 0
 0
 24
 0
 374
 87
 0
 26608
 388
 2791
 17110
 0
 0
 616580
 17950
 11
 0
 27
 0
 0
 0
 2381
 0
 143
 0
 515
 35673
 876
 33029
 3753610
 29146
 42274
 3
 0
 0
 0
 20
 0
 86901
 0
 1
 0
 118718
 21
 45
 0
 0
 554701
 7114
 11
 5
 31
 0
 1703
 699
 308
 0
 180
 0
 41
 658
 10789
 503709
 0
 2952
 0
 72838
 0
 0
 41
 89
 0
 23155
 0
 0
 0
 0
 0
 0
 0
 0
 0
 17
 0
 2140
 54
 0
 2555
 0
 0
 0
 22
 0
 0
 26
 1
 10966
 0
 8522
 0
 0
 0
 20657
 0
 0
 0
 1
 0
 0
 0
 57
 4972565
 3371648
 0
 6
 0
 48
 0
 971
 8290
 0
 0
 120287
 8
 61975
 0
 0
 7889
 13552
 0
 0
 0
 6716
 253
 418
 14
 507
 0
 18
 28
 0
 0
 0
 0
 0
 0
 0
 0
 4
 0
 0
 0
 72456
 0
 0
 356
 83
 3894
 36
 0
 6444
 0
 0
 163
 0
 16
 0
 817
 0
 9
 43366
 372
 0
 1828
 0
 4898254
 177413
 286
 0
 10
 0
 0
 0
 3603
 0
 1854
 7486
 0
 22
 0
 1102
 17741
 0
 262
 708
 4289
 350
 9808
 2535
 5
 60
 0
 5739
 2294
 0
 77
 0
 0
 0
 30
 7
 1468
 0
 0
 0
 47
 46
 0
 373
 0
 0
 0
 0
 0
 1
 0
 3
 11
 0
 5562
 290
 37
 757589
 52355
 4127
 0
 0
 0
 445
 0
 0
 9198
 0
 0
 52029
 77634
 47778
 0
 0
 0
 47
 1
 5
 0
 0
 7070
 13
 202
 22
 601
 1179
 20563
 0
 3486
 1974
 0
 26520
 54
 12869
 0
 0
 0
 291
 0
 4733
 0
 14
 973
 0
 7478
 0
 6721
 0
 8772
 26
 8171
 32
 570
 2
 56736
 239
 0
 1571
 0
 0
 18
 0
 22
 42
 0
 0
 0
 0
 18035
 0
 9558
 0
 4746
 1
 717
 0
 9974
 1026
 0
 0
 2789
 8615
 0
 0
 2882
 8273
 344
 0
 0
 0
 732
 13120
 0
 18049
 0
 395
 313
 48
 2
 83
 66
 8991
 0
 44
 8259
 521
 0
 295
 0
 4630
 2
 75
 0
 1807
 214076
 0
 9
 2
 0
 2
 34
 0
 0
 11
 0
 14814
 155
 66652
 790
 11993
 308
 0
 0
 13253
 35114
 0
 10
 0
 0
 398
 690649
 110
 751882
 0
 0
 936
 1920
 0
 0
 718
 0
 3
 0
 140231
 17242
 0
 0
 4939
 0
 0
 0
 0
 0
 1287
 0
 4
 0
 849
 708802
 1
 63
 388
 689
 53124
 0
 17
 0
 69
 536
 422
 3
 730
 0
 0
 0
 134
 0
 11
 0
 0
 112576
 0
 0
 2564
 827
 0
 5152
 0
 1
 0
 0
 0
 0
 908
 0
 0
 0
 0
 9
 12941
 0
 0
 0
 0
 553
 0
 419
 5
 0
 647
 35802
 0
 58456
 0
 409
 0
 0
 980
 1
 1
 6
 0
 31
 1
 0
 0
 0
 61
 4
 0
 0
 0
 840
 0
 3
 0
 0
 0
 0
 0
 0
 0
 0
 2
 0
 383
 91
 0
 673
 2104
 0
 0
 0
 19189
 0
 0
 562
 4263
 3109
 0
 1299
 0
 0
 0
 0
 1545
 33
 1999
 0
 0
 61
 8
 0
 21
 34
 0
 0
 37
 1957
 0
 0
 63
 21
 0
 196
 0
 2681
 0
 0
 0
 566145
 4845
 0
 0
 43574
 1
 0
 99
 2041499
 0
 0
 8484
 0
 0
 0
 0
 0
 0
 0
 0
 0
 0
 900655
 110
 13
 3
 0
 0
 0
 0
 0
 3
 7
 0
 0
 0
 0
 522
 97808
 235
 0
 0
 0
 3995
 0
 0
 98428
 841
 2109
 3565
 0
 0
 0
 27
 94643
 1
 0
 373
 0
 0
 0
 0
 24392
 2258
 0
 1
 4
 341
 2942
 0
 0
 1
 6872
 0
 1
 0
 0
 7
 0
 0
 0
 0
 25
 0
 1649
 0
 1249
 43
 0
 0
 3916
 0
 0
 47
 0
 1822283
 41195
 0
 7
 0
 0
 164
 0
 0
 0
 0
 0
 0
 0
 0
 3859
 0
 17929
 7180
 6
 74473
 0
 25
 12827
 3472
 0
 0
 103
 0
 161
 0
 5
 2441698
 183
 13
 0
 0
 99
 25
 34
 98
 0
 0
 0
 7
 0
 0
 28
 0
 609
 256916
 0
 0
 1384
 0
 0
 0
 0
 0
 2782
 0
 0
 8013
 2
 329
 0
 1437
 104
 6727
 0
 20
 0
 6193
 7509
 2
 0
 0
 0
 0
 0
 105000
 0
 344
 267
 41
 2572408
 0
 2
 0
 0
 312
 16
 0
 0
 1326
 21
 0
 0
 0
 2854
 0
 0
 18455
 364
 1887
 0
 4714
 7870
 0
 0
 5
 8
 324848
 14
 0
 0
 1434
 1
 0
 0
 0
 0
 1
 0
 0
 6648
 0
 85476
 0
 0
 0
 133
 0
 0
 0
 0
 0
 0
 599
 128
 0
 105848
 2
 48
 11
 0
 0
 2173
 613
 0
 0
 0
 105
 2639
 10120
 0
 3
 0
 527
 0
 0
 23099
 0
 0
 748
 4120
 10469
 0
 2406
 0
 1
 0
 0
 1
 7
 563
 113
 0
 0
 0
 5034
 4
 1
 41
 0
 15
 150031
 0
 0
 0
 0
 0
 0
 0
 18
 360924
 0
 0
 87
 0
 0
 0
 343
 1
 0
 11
 59
 1849
 0
 1440
 81
 1421
 0
 69
 0
 358623
 0
 129689
 0
 2439
 0
 0
 882
 753
 28285
 78
 0
 0
 0
 560
 374
 2485
 2858
 0
 1479
 4177
 280
 0
 68
 0
 0
 482233
 0
 1600
 29
 0
 0
 0
 73
 0
 0
 0
 1
 27669
 20
 0
 0
 120
 7047
 0
 0
 6494
 20129902
 16669
 0
 3103
 107
 0
 4737
 8
 0
 17746
 0
 615
 2192
 0
 0
 148235
 0
 0
 5408
 81
 2190
 8575
 0
 3030
 571
 3796
 1566
 0
 82
 0
 0
 0
 213
 330
 0
 0
 398
 0
 2934
 1072
 0
 0
 0
 0
 0
 174
 0
 0
 54
 0
 0
 1
 5
 0
 48
 11424
 16209
 148
 0
 0
 172
 46347
 16
 0
 59428
 0
 0
 52
 0
 0
 1085
 0
 27262
 1110212
 0
 33
 3
 39
 3951
 117182
 0
 2221
 590
 0
 64
 2
 8
 0
 1515
 0
 0
 0
 715
 32
 0
 0
 0
 775000
 0
 0
 0
 0
 20693455
 126288
 0
 292
 0
 11
 68612
 0
 1162
 0
 0
 0
 14697
 0
 4756
 0
 0
 0
 0
 0
 36
 0
 7521
 0
 91
 0
 0
 584199
 0
 0
 2534
 1
 0
 14
 82
 0
 0
 8
 20935474
 43841
 626
 0
 0
 145
 17
 6
 0
 10833
 87
 0
 0
 14
 826
 0
 54
 0
 0
 0
 0
 68450
 0
 0
 8594
 61
 0
 0
 71
 969
 0
 0
 0
 0
 0
 0
 275
 0
 0
 0
 0
 0
 15502
 8
 5
 0
 0
 11
 2
 36
 36
 79095
 0
 0
 0
 80
 0
 0
 0
 812
 0
 627
 0
 50110
 20425
 18
 0
 0
 0
 768124
 109
 4814
 1093
 0
 3
 11
 0
 54
 0
 0
 0
 1839
 1531
 0
 12274
 2665
 0
 2663
 0
 0
 17
 0
 0
 635
 2
 478284
 0
 87
 0
 0
 0
 37586
 9
 167
 11
 0
 23156
 2535
 10
 0
 0
 9685
 992
 0
 0
 238
 106
 115948
 1
 366
 6669
 0
 0
 13
 0
 0
 114
 11
 0
 0
 1
 1215
 632
 43346
 0
 452019
 6796
 12
 0
 2066
 13
 7857
 275
 26
 0
 91
 1444
 0
 20
 0
 0
 0
 0
 2208
 342
 0
 72
 0
 166
 42
 213631
 0
 0
 0
 5
 0
 36891
 2190
 0
 0
 0
 0
 0
 3695
 0
 354
 83901
 10051
 0
 5233
 0
 4304
 3
 22
 6618
 15
 0
 180
 0
 8
 2554
 3793
 108685
 10
 0
 0
 3382
 13287
 225806
 0
 0
 0
 25003
 0
 0
 0
 37352
 2482246
 1
 659
 3
 0
 829
 0
 0
 0
 0
 0
 9196
 52
 0
 5395
 0
 0
 0
 1
 1778
 0
 437072
 7339
 0
 0
 4955
 68
 5157
 0
 32
 73
 0
 0
 12
 547
 108164
 5617
 56
 274
 767
 65
 0
 65
 413
 0
 166
 12
 49
 0
 0
 86
 0
 0
 768
 132
 0
 0
 19
 10
 8060
 0
 307
 0
 9081929
 96178
 88513
 6174
 0
 469
 6880
 2
 8
 347
 0
 843
 0
 0
 44
 0
 0
 58812
 48
 0
 8914
 0
 32
 0
 75
 0
 0
 0
 0
 0
 0
 0
 79
 4309
 26
 23
 15
 0
 0
 0
 39543
 90
 0
 0
 203
 34235
 1
 1224
 5
 0
 0
 2180
 1999
 1839
 0
 0
 0
 798
 2770
 0
 0
 41
 35
 118
 0
 20
 2653
 44492
 0
 5025
 6121
 0
 0
 339
 0
 0
 0
 0
 20
 24
 18
 198
 0
 12
 0
 0
 0
 0
 0
 75
 10293
 36
 51537
 8
 0
 55
 10
 0
 78044
 108
 338
 0
 30976
 4268
 0
 7
 1
 2381
 2
 3
 0
 85
 75
 233
 0
 22
 33368
 0
 0
 3195
 117
 0
 0
 0
 22
 0
 10804
 28
 0
 666
 0
 0
 0
 16396
 0
 0
 0
 17
 194
 0
 191
 45
 344
 84
 5
 8
 178
 0
 0
 0
 5996
 458
 0
 9
 0
 0
 24
 0
 0
 19683
 0
 1276
 4
 0
 634585
 139
 0
 828
 0
 96
 30356
 764
 0
 5437
 20
 0
 40
 0
 108
 0
 19
 43
 0
 37
 3
 0
 987
 366352
 0
 360
 0
 0
 130
 48
 0
 69
 592
 33266
 17
 255
 11141
 828305
 0
 0
 0
 111
 13842
 369085
 5
 584
 689
 0
 354
 1422
 0
 0
 0
 4526
 35826
 158
 0
 0
 109
 0
 0
 960
 3
 1293
 24
 0
 333
 569
 680
 33
 0
 114636
 1437
 98
 0
 0
 21
 0
 8141
 2
 28341
 0
 0
 88
 3360
 3
 297
 698227
 129
 8
 17
 0
 0
 0
 0
 113
 914
 162
 3489
 22758
 0
 1757851
 7548
 6
 0
 454
 160
 0
 0
 0
 0
 0
 0
 26
 16
 0
 2
 0
 84
 223
 38
 22506
 23180
 363935
 0
 109
 0
 5145
 0
 0
 1
 0
 394
 0
 1204
 0
 0
 302
 13
 4
 0
 0
 327
 0
 0
 996
 10027
 372262
 3336
 9
 0
 0
 0
 1008102
 20143295
 369
 1586
 4
 4835
 0
 176
 0
 9
 90219
 596
 0
 286
 13
 0
 0
 0
 56
 885
 15072
 0
 22
 23982
 358004
 7131
 1
 0
 15
 3
 0
 0
 3227
 0
 3
 1312
 0
 4545
 0
 0
 208
 11
 769
 0
 2
 80
 0
 0
 1
 162
 0
 114
 1
 0
 3
 0
 0
 3494
 0
 8
 0
 14
 0
 0
 0
 0
 16907
 17
 0
 2
 535
 220
 1084
 607
 0
 466229
 0
 0
 14912
 143
 0
 0
 0
 0
 0
 6
 6
 2810
 1157
 3
 83
 0
 234238
 0
 4011
 733
 54193
 9
 0
 0
 343
 0
 40
 0
 23
 307
 0
 0
 0
 2692
 142
 8390
 459
 0
 20
 0
 700
 1016
 0
 10465
 0
 0
 0
 0
 0
 2
 940
 0
 0
 1468290
 555927
 131
 0
 680
 1916
 0
 0
 2889
 0
 17
 0
 106
 0
 455
 3
 3380
 725
 0
 0
 0
 8
 0
 0
 458
 0
 39
 13
 802
 8545
 15792
 54771
 39
 0
 4696
 0
 0
 0
 453863
 0
 0
 0
 70898
 18
 0
 0
 0
 0
 0
 0
 30261
 0
 0
 0
 12
 0
 4
 0
 18
 20977
 12
 0
 0
 304
 43347
 3957
 181
 287
 0
 70
 0
 0
 251672
 1009
 0
 0
 16
 128
 0
 1
 3924
 91
 3406
 0
 4
 2959
 106618
 365584
 882
 0
 9277
 0
 764
 0
 0
 0
 155
 1168
 94
 0
 0
 2384
 0
 480475
 0
 0
 0
 10682
 1561
 0
 540
 1576
 10
 0
 0
 24121
 0
 0
 0
 0
 0
 3995
 11637
 0
 0
 80
 353
 30285
 371
 92278
 15
 0
 203
 40940
 5298
 16
 0
 0
 0
 0
 0
 10700
 262653
 0
 0
 0
 355
 338880
 5669
 0
 9166
 0
 46
 1
 38406
 3964
 36
 85
 218
 895
 3
 168
 7
 21
 2126
 0
 110719
 2179
 162
 6
 0
 0
 94489
 0
 1172
 7
 0
 13064
 15213
 0
 18
 0
 19
 0
 0
 40896
 0
 0
 0
 0
 2443
 6918
 39
 112
 99
 0
 201
 528
 92
 8819
 0
 0
 4
 5678
 71
 0
 0
 197
 0
 0
 79
 0
 3
 476
 130520
 957
 1781
 0
 0
 40
 28880
 3162
 99
 0
 26
 794
 0
 1257
 0
 0
 0
 125
 0
 163
 388
 0
 745887
 32102
 0
 304
 0
 2650
 982
 0
 0
 0
 2
 0
 0
 59
 98
 39
 206
 10
 1041
 21
 0
 0
 0
 0
 12
 288
 0
 152
 0
 0
 908025
 0
 0
 0
 0
 0
 1
 0
 309
 45883
 0
 0
 93819
 0
 0
 0
 0
 0
 5
 136
 1
 327
 0
 8
 0
 0
 287
 25372
 0
 42
 0
 1216
 50
 208
 0
 3
 0
 0
 0
 1100389
 3678334
 103975
 4354
 0
 116276
 0
 0
 0
 33
 101
 7176
 386
 5378
 0
 0
 0
 0
 34
 0
 9
 1708
 0
 0
 493
 0
 21383
 52111
 0
 1550
 0
 131
 0
 68
 0
 0
 3
 0
 0
 0
 0
 0
 22533
 533
 0
 0
 0
 0
 1792300
 0
 0
 9
 3659
 44
 8167
 73
 0
 0
 117
 3596
 0
 0
 0
 6
 69
 0
 0
 0
 0
 16624
 0
 55527
 0
 1
 20
 33
 5062
 0
 14521
 0
 0
 0
 879
 749332
 730574
 651319
 2381
 0
 55676
 0
 1372627
 47437
 82
 2
 0
 0
 854
 0
 1
 30126
 25
 7514
 11479
 159
 103
 0
 16
 102
 0
 0
 2039
 219
 0
 75
 1
 0
 0
 151
 5758
 0
 44878
 0
 350
 47
 5169181
 102516
 74
 0
 0
 0
 39
 0
 0
 1481
 31
 3
 0
 0
 4139
 5327
 6875
 9
 6
 0
 838
 0
 597
 41
 0
 571121
 0
 1747
 0
 263
 0
 186
 1535
 0
 3
 0
 0
 56784
 2881090
 0
 0
 0
 6823
 0
 45
 7789
 24023
 0
 4515
 88
 0
 25
 4
 6876
 0
 13
 0
 213
 0
 0
 0
 11
 14532
 809
 0
 4
 0
 9
 0
 1
 0
 3
 0
 930
 797
 16810
 579
 3971
 254658
 0
 0
 4480
 51311
 1131
 0
 20
 295
 435337
 0
 0
 685
 0
 0
 563630
 13581
 0
 0
 1031
 1891
 979
 917
 0
 14
 162
 0
 0
 7
 682
 0
 0
 0
 0
 1323
 0
 0
 335
 1216
 1
 96
 2903
 0
 0
 0
 1
 0
 7968
 20854
 445
 0
 0
 1552
 4949
 36870
 220
 0
 0
 0
 0
 0
 8562
 932
 3
 18677
 0
 2284764
 1
 65144
 0
 762
 8
 65
 759
 23
 0
 546
 0
 24851
 0
 0
 0
 14091
 0
 418
 2425
 0
 6
 0
 0
 44
 1489
 3
 611
 0
 1836267
 1375
 101015
 7
 46
 0
 0
 1
 0
 30
 1757
 0
 1342
 0
 733034
 0
 0
 0
 0
 0
 0
 0
 28
 741
 4
 33400
 79
 0
 0
 0
 352
 0
 0
 0
 564234
 47
 1473
 0
 0
 0
 6508
 321
 25033
 765
 7
 2032
 0
 0
 0
 1476
 8127
 0
 4553
 2735
 1531
 133
 0
 0
 114
 0
 11807
 481502
 23378
 653
 0
 0
 2929
 0
 0
 163
 0
 12916
 10
 0
 0
 0
 0
 30
 1
 297
 0
 9531
 0
 0
 0
 0
 882
 2810
 11
 690
 1195
 4860
 0
 0
 15
 0
 33
 500082
 0
 21
 267115
 3488
 13
 12508
 24862
 2
 1
 0
 217
 0
 0
 51623
 0
 103958
 0
 0
 10
 0
 2167
 0
 0
 1
 0
 1187
 9756
 23
 0
 0
 0
 106
 58
 621
 15691
 29322
 0
 467
 7
 2
 9
 0
 32941
 5491
 0
 0
 2558441
 17845
 3431
 92
 116
 301
 2
 0
 3
 0
 0
 24
 3767
 0
 18
 0
 0
 83
 289
 0
 4
 0
 11
 0
 15
 681451
 18
 0
 2835
 0
 2068
 0
 0
 5323077
 33640
 39648
 744847
 0
 545
 49
 0
 58990
 0
 429
 0
 0
 6965
 1219
 0
 0
 0
 36
 0
 0
 6333
 0
 0
 3029
 39725
 6757
 42
 0
 0
 41
 0
 0
 0
 0
 0
 32
 0
 697
 16
 0
 0
 0
 24387
 0
 0
 119302
 433
 129
 1178
 23
 177
 14918
 23
 2234
 0
 6973
 0
 0
 9460
 377
 0
 0
 4970
 0
 0
 420279
 23476
 1
 0
 27
 0
 0
 0
 0
 0
 0
 12
 55527
 39
 1182
 0
 4
 1
 277041
 16
 0
 0
 2749
 2
 14
 0
 18423
 0
 0
 20
 0
 1552
 1897
 4
 0
 0
 42
 0
 5383
 7249
 77036
 0
 0
 0
 0
 0
 155
 0
 0
 76
 359
 0
 0
 201
 233
 0
 295
 30
 0
 452
 0
 0
 0
 0
 0
 559
 0
 565503
 19585
 142
 0
 0
 0
 0
 0
 91
 0
 0
 0
 17
 3
 0
 0
 0
 0
 952
 0
 0
 26610
 15
 4
 4
 7
 0
 0
 10
 0
 0
 17340
 0
 51345
 7902
 130
 8592
 570
 4913
 40
 53
 0
 0
 0
 1632
 0
 45502
 2145
 443
 0
 143
 9
 38435
 36935
 12
 0
 0
 0
 96
 0
 350
 4296
 0
 0
 0
 0
 0
 0
 0
 17
 5
 32465
 1078
 0
 0
 25
 4482
 0
 15
 2735
 0
 357
 57
 0
 81911
 703
 0
 0
 0
 0
 112
 24201
 0
 122115
 0
 0
 0
 0
 0
 0
 0
 0
 311
 0
 0
 0
 61193
 0
 0
 0
 0
 0
 0
 0
 117
 352
 0
 187
 113481
 0
 0
 237
 1397
 20
 0
 66
 6112
 0
 350
 11588
 0
 0
 3
 67
 0
 343
 69
 1579
 4721
 0
 16690
 0
 0
 10
 234
 903
 8687
 7
 0
 2
 125
 3022
 0
 0
 0
 193853
 202
 0
 67489
 33951
 0
 0
 4170
 0
 0
 15
 0
 0
 0
 0
 94
 0
 13572
 0
 2
 0
 0
 0
 14
 337
 0
 722
 20036613
 680815
 17787
 0
 298
 0
 137406
 0
 124
 0
 8
 9
 4690
 0
 0
 0
 0
 0
 59350
 0
 0
 0
 1407
 0
 0
 0
 6
 2513
 56661
 0
 111
 0
 0
 2
 0
 0
 0
 105
 1
 0
 0
 65
 0
 4325
 1413
 0
 10009
 740
 7415
 83
 40784
 303
 0
 0
 6
 10
 0
 25243
 0
 0
 83
 0
 0
 0
 93
 0
 0
 0
 9
 28
 0
 359
 53
 235
 15
 0
 0
 0
 23
 0
 0
 0
 73
 0
 289
 802
 0
 0
 0
 0
 0
 82244
 95
 0
 4304
 0
 0
 0
 20026
 0
 0
 657
 0
 192
 114
 1585
 0
 374
 200
 0
 0
 7
 0
 1951
 0
 70
 0
 3687
 0
 440449
 3622
 1
 34087
 234
 1552
 6658
 1009
 0
 0
 0
 3811
 847936
 0
 1436
 0
 0
 4882
 0
 294
 7361
 3
 0
 0
 0
 0
 3230
 39
 0
 540
 3404
 243
 23
 0
 25
 0
 6
 58
 0
 7389
 1984
 10
 30
 64
 43
 0
 0
 74
 0
 4846344
 92
 64
 12
 0
 0
 0
 0
 0
 0
 689
 1444
 498
 129
 54
 27231
 0
 0
 139284
 0
 14
 1
 0
 0
 0
 0
 0
 12891
 164
 0
 0
 493
 605
 7081
 44
 0
 0
 13
 0
 294
 0
 0
 204
 0
 0
 0
 146
 44
 0
 0
 5
 9216
 0
 5
 8822
 5031
 0
 3843
 352
 27
 0
 0
 3992
 0
 3045
 31036893
 38827
 0
 0
 883
 4183
 0
 13482
 0
 261
 0
 569
 409
 2
 6508
 0
 564943
 0
 0
 0
 4
 0
 2
 0
 0
 0
 876
 13
 587
 10
 1506
 32650
 0
: 0
 147
 0
 8631
 0
 16340
 84
 207
 0
 19827
 0
 132
 0
 0
 0
 128
 55018
 86
 0
 559868
 0
 0
 0
 0
 0
 102
 150
 165
 2535
 361
 1346
 39
 0
 0
 10
 0
 1
 0
 8873
 0
 38995
 0
 649
 0
 0
 4
 10
 0
 0
 15506
 305
 65338
 6352
 27
 193
 5
 0
 0
 2671
 1
 668
 81
 0
 91
 1
 0
 328
 0
 0
 1161
 0
 14349
 0
 1
 664
 2450
 7624
 260
 5736
 250
 23
 0
 0
 0
 19301
 0
 44
 0
 0
 0
 0
 2
 382
 1312
 58
 80
 17
 15
 0
 2
 0
 14811
 37977
 32345
 7700
 2685
 1
 62
 0
 0
 116
 0
 0
 53235
 1052
 518
 20
 2777
 0
 407
 0
 465
 4348
 0
 883
 6162
 0
 2
 126
 0
 4658
 0
 0
 659
 2835
 9180
 2351
 0
 2
 0
 146
 0
 0
 0
 0
 272
 56
 0
 0
 0
 461
 14
 107
 0
 285
 0
 0
 6480
 0
 89
 3
 2011
 368
 4338
 0
 13
 17
 81
 0
 0
 304695
 29
 277302
 0
 225
 0
 5
 126
 0
 0
 0
 0
 91635
 57924
 0
 6541
 47
 0
 0
 13657
 0
 22349
 0
 5
 0
 0
 0
 4277
 0
 0
 490
 8
 30
 1425
 25
 0
 0
 2
 2
 0
 10
 0
 0
 0
 0
 318
 5677
 11
 0
 261
 0
 0
 0
 0
 52095
 8
 0
 0
 0
 56
 0
 58162
 64
 0
 278
 0
 3
 5336963
 297732
 1
 0
 1
 638
 0
 0
 0
 0
 74
 0
 0
 6950
 0
 26119
 0
 4
 2525
 2065
 0
 0
 1305
 1
 125
 6
 0
 198
 0
 0
 0
 23671
 6029
 0
 0
 111
 0
 2
 0
 0
 19265
 0
 0
 2208
 0
 150
 366
 24
 1999835
 7848
 7
 4696
 0
 2504
 0
 33
 0
 928
 0
 14
 0
 183723
 7589
 0
 57
 11439
 0
 0
 2646
 1639
 0
 0
 39
 30941313
 53391
 0
 4937
 0
 0
 0
 168
 16405
 0
 0
 0
 0
 270
 0
 0
 49514
 176
 3031
 0
 0
 0
 454
 0
 12
 10
 380
 0
 25229
 0
 12909
 246
 0
 36
 309939
 14749
 104
 0
 0
 0
 95
 0
 1
 1213
 148
 0
 2
 15
 0
 2
 2388
 0
 0
 2715
 1
 0
 7
 56
 0
 44
 0
 103
 828
 0
 38506
 0
 0
 146
 82
 0
 0
 32
 0
 6782
 0
 41
 2906
 1764
 247
 143
 261
 0
 927
 5813
 64918
 161
 10
 691
 0
 136
 2267
 4807
 3325
 0
 76051
 101
 0
 0
 264675
 7409
 0
 4589
 3068
 0
 0
 0
 0
 1851
 0
 57561
 0
 3173
 1237
 0
 0
 724
 2
 890
 0
 8212
 3614
 0
 0
 1445
 229
 12
 0
 91
 0
 1019
 131815
 14
 0
 60704
 2077
 1270
 0
 0
 2026
 970
 2
 7441
 0
 0
 4711
 0
 0
 19634
 0
 0
 0
 0
 0
 7680
 0
 7570
 26
 0
 573
 2
 12
 1635
 10273
 5
 0
 0
 0
 31
 134
 0
 0
 7025
 0
 1
 9920
 0
 5
 0
 0
 5
 11
 207
 872
 0
 4491
 4
 5
 0
 0
 191
 19904943
 148306
 0
 532
 0
 0
 1
 0
 8161
 0
 4276
 415
 14
 0
 48
 0
 1
 0
 0
 0
 59
 108
 0
 0
 0
 0
 334
 0
 0
 3
 2116
 29
 3104
 128562
 285
 259601
 0
 279
 3
 5115
 305
 0
 0
 0
 0
 47478
 9090
 0
 304389
 0
 0
 0
 0
 0
 458
 2
 2
 0
 0
 0
 2674
 4732
 0
 2
 0
 0
 1
 85
 0
 597
 1872
 0
 51507
 1553
 7
 5416
 825
 3
 15
 3
 1021
 878
 0
 259
 10
 943
 9
 0
 2519
 6
 12
 319
 471
 2
 8825
 105
 3639
 166987
 0
 0
 544
 0
 6
 61
 0
 4
 0
 7
 31957
 174088
 4
 584
 91936
 0
 0
 0
 237
 2
 0
 55
 219
 26296
 13508
 6
 0
 902
 741719
 0
 82535
 544
 0
 2827
 0
 1
 279
 1155
 0
 0
 1256
 0
 58
 2
 17044
 8
 0
 7
 0
 0
 83512
 0
 3
 0
 0
 8837
 0
 5556
 32106
 9
 40
 0
 7
 23
 0
 0
 0
 962
 0
 0
 0
 0
 271
 0
 0
 15
 0
 8
 1
 0
 0
 1106
 0
 0
 0
 2603
 0
 0
 0
 0
 10023
 0
 161995
 0
 5
 33350
 0
 0
 0
 955
 0
 0
 0
 2
 6
 0
 0
 6381
 14
 0
 0
 12
 44
 18308
 0
 1
 0
 22
 13676
 0
 0
 4695
 0
 0
 411
 21206
 0
 42
 6536
 0
 5
 0
 0
 28175
 0
 104
 0
 0
 13956
 0
 0
 33437
 0
 0
 679
 14005
 28539
 0
 0
 0
 0
 0
 853
 211
 0
 553082
 13172
 0
 0
 167
 0
 0
 0
 7903
 0
 0
 0
 4
 0
 0
 745
 17655
 0
 784
 110
 43622
 0
 0
 273
 353
 194
 456
 0
 0
 3
 0
 281
 309
 57798
 32
 0
 0
 6
 16113
 231
 0
 0
 0
 6
 0
 3
 98711
 423
 0
 0
 55
 0
 42
 11795
 0
 96
 0
 313
 569251
 713476
 0
 7
 0
 3
 0
 4
 0
 0
 149
 86
 11
 0
 14546
 0
 6445
 2
 89744
 5
 0
 25625
 0
 58
 0
 0
 10
 0
 12045
 0
 59675
 264
 363
 91592
 0
 0
 0
 0
 20217372
 24705
 205
 72066
 0
 0
 0
 987
 23
 7324
 0
 0
 112
 0
 9687
 21
 16325
 0
 101100
 10958
 0
 640
 0
 15357
 0
 1
 0
 101
 204801
 0
 0
 98
 510
 1068
 0
 6735
 420
 0
 269
 58
 1
 0
 2098
 0
 0
 44
 6298
 2
 5
 0
 0
 0
 0
 0
 0
 1583
 396
 0
 108297
 0
 944
 15
 28
 0
 0
 0
 2496
 1
 3533
 58
 0
 1
 0
 175
 0
 4886584
 22588
 0
 40294
 0
 3
 377
 70
 0
 0
 429
 53
 3255
 0
 25242
 0
 6179955
 2886
 6
 0
 198
 13
 38032686
 106773
 0
 17
 0
 0
 0
 344
 628
 0
 350
 1102
 0
 23
 14
 0
 4609
 0
 0
 0
 0
 0
 0
 8333
 0
 0
 181
 84
 1114
 489
 18506
 0
 32
 0
 0
 8401
 86604
 2481
 0
 0
 0
 61
 88264
 0
 26050
 0
 44
 1629
 0
 10574
 7198
 0
 0
 89815
 2
 76
 0
 96
 33775
 28184
 1266
 24555
 4713
 2391
 174
 80324
 0
 130
 464
 0
 0
 12
 0
 0
 0
 0
 212376
 21825
 8
 0
 0
 91
 421
 0
 0
 0
 1
 0
 267
 0
 100281
 566
 13
 0
 1858
 0
 20789
 330
 1244
 0
 0
 0
 9
 2
 0
 0
 376
 20
 398
 21101
 0
 0
 17
 932
 0
 856
 2
 0
 0
 0
 0
 136
 0
 0
 0
 2171
 234
 0
 0
 111
 0
 0
 791381
 224
 0
 0
 0
 0
 6923
 484259
 6438
 0
 1
 0
 29
 0
 938
 0
 0
 20059
 3
 3047
 437
 13079
 731
 223
 7174
 52
 0
 32
 0
 499
 0
 991
 0
 4
 162
 1
 14537
 763
 2946
 0
 1
 0
 0
 0
 1
 0
 0
 99690
 0
 7
 44
 11
 628
 247
 27
 20450516
 121165
 144003
 4472
 0
 3
 0
 3553
 1
 7
 3
 0
 0
 0
 0
 0
 0
 0
 366
 0
 21
 411
 49
 953706
 123
 0
 0
 53
 510
 102860
 0
 0
 0
 93
 2919
 0
 83
 0
 3
 87
 0
 0
 0
 0
 43
 0
 89
 2785
 0
 43896
 2803
 35
 0
 287
 432
 438
 6
 26
 233
 1
 5047
 0
 0
 0
 286
 0
 0
 0
 1175
 0
 40
 0
 8
 415462
 5
 305
 63
 26
 0
 0
 10802
 5
 1
 0
 0
 0
 0
 0
 0
 0
 144
 15
 0
 1
 0
 0
 315022
 0
 118
 0
 0
 0
 90
 6
 0
 2
 487
 507
 0
 0
 0
 112
 142
 5672
 0
 0
 1
 2895
 4350223
 0
 0
 31
 0
 476
 14
 188
 0
 0
 16
 0
 5
 31
 45
 0
 0
 8
 473720
 20620818
 0
 0
 0
 0
 111
 454
 6545763
 421244
 0
 0
 0
 13
 1
 0
 181
 7338
 0
 10
 2973
 0
 2
 10134
 0
 88354
 96
 7384
 0
 7836
 4396
 7871
 566
 55
 11
 0
 9
 1
 0
 5983
 90
 126486
 377783
 0
 0
 1411
 11
 6052
 125
 212
 3
 3773085
 126283
 0
 0
 0
 42
 8604
 0
 0
 11
 53
 392
 17846
 0
 0
 0
 99
 0
 776643
 127951
 0
 0
 0
 2
 0
 109387
 0
 149
 442
 0
 23
 0
 27
 16079
 0
 0
 49
 1
 9195
 2006167
 0
 18580
 0
 0
 17965
 0
 0
 0
 29874
 27
 0
 3
 54
 1650
 0
 3
 5983
 5557
 2912
 2638
 0
 0
 6242
 0
 2
 434
 36
 0
 0
 40494
 141
 252
 0
 6
 0
 0
 233
 887
 645
 0
 1
 0
 6
 0
 0
 0
 1387
 0
 0
 0
 1
 10
 18873
 0
 0
 59543
 3207
 0
 0
 0
 0
 0
 39
 0
 2095
 136
 14865
 556
 5376
 67133
 10897
 702
 0
 41
 0
 0
 0
 0
 0
 117
 2
 0
 487
 10714
 558
 15
 0
 490
 13
 0
 0
 27
 9
 8839
 17948
 0
 0
 0
 0
 0
 0
 0
 0
 0
 0
 16875
 19177
 0
 25
 0
 0
 1
 55
 0
 1257
 2
 0
 432
 0
 71
 0
 0
 0
 0
 0
 1979
 0
 148
 3
 0
 0
 0
 135
 1
 0
 85468
 44228
 0
 0
 0
 0
 0
 394
 29122
 0
 6731
 0
 3381
 1078
 0
 0
 0
 0
 2168
 0
 0
 0
 912
 6
 0
 0
 3
 0
 0
 0
 0
 0
 2
 0
 55
 0
 0
 152
 6503
 222
 0
 7373184
 15276
 165014
 184
 115
 0
 5
 34
 0
 5733
 0
 0
 0
 1
 357
 0
 542
 0
 6
 304
 41267
 9
 0
 0
 0
 0
 3118
 13
 20845
 4366
 0
 8
 0
 0
 0
 485
 0
 0
 41
 910
 0
 1055
 1756
 246
 0
 0
 74
 0
 0
 13552
 1
 1
 158739
 1585
 0
 0
 45894
 131
 7
 120
 1573
 16434
 21
 0
 3553
 691
 0
 0
 1073
 0
 0
 0
 0
 0
 0
 0
 0
 0
 46058
 0
 0
 0
 218
 0
 0
 0
 11
 0
 0
 7832
 85
 10227
 7417
 0
 0
 0
 333
 545
 183175
 0
 0
 474564
 24312
 5593
 0
 5359
 0
 2504785
 1745
 2208
 0
 1774
 0
 274
 0
 0
 0
 0
 348
 0
 0
 0
 0
 0
 0
 0
 0
 379
 449
 1
 0
 841
 14
 0
 6
 0
 19269
 0
 0
 19850
 443904
 0
 0
 21621
 0
 0
 57
 75
 147
 0
 182
 0
 57225
 117569
 0
 10169
 0
 2
 84019
 1093004
 0
 7
 0
 4914
 1946
 61722
 5674
 81
 1207
 0
 566451
 1
 5
 0
 0
 0
 2147218
 336948
 1501
 14
 48
 4546
 0
 4115
 16
 33
 129
 0
 162
 0
 64
 388
 1130
 0
 0
 630
 2010
 872
 69
 516
 0
 101
 5
 21295
 0
 0
 0
 0
 0
 0
 14
 0
 0
 21567
 0
 611
 0
 0
 942
 0
 1150
 4928
 20
 0
 0
 0
 0
 5393
 0
 15
 1
 65
 1
 0
 8598
 0
 0
 678
 0
 22
 0
 211
 2948
 0
 175
 95
 119
 15
 0
 0
 107131
 3064
 0
 0
 2634
 0
 0
 1143
 0
 10
 501
 0
 0
 0
 0
 0
 105
 0
 0
 0
 0
 0
 673
 0
 37
 0
 59702
 0
 0
 1538
 0
 515242
 28643
 7973
 0
 0
 99
 592
 2376
 0
 832
 0
 15
 53994
 0
 10
 10
 17
 10533
 6
 0
 0
 0
 129
 31651
 14240
 752478
 0
 0
 0
 83611
 3236
 0
 15231
 0
 125
 2
 12973
 12
 85
 0
 0
 3786
 4
 14
 132
 71
 3370
 0
 796
 90
 0
 0
 0
 0
 85
 8
 0
 0
 0
 0
 837
 23900
 1394094
 17127
 2027
 0
 740
 20735
 1
 0
 0
 130280
 0
 55
 0
 1925691
 6
 748410
 0
 0
 38
 38946
 0
 1045
 0
 0
 6354
 0
 0
 8
 0
 0
 0
 0
 76
 2
 0
 0
 569
 493
 0
 0
 0
 0
 0
 913
 970
 5
 68
 2
 96439
 532
 11443
 107
 0
 37
 187
 0
 0
 0
 0
 76
 2
 6
 0
 11669
 0
 0
 0
 0
 268
 0
 130
 1481486
 0
 0
 7
 0
 436
 0
 0
 0
 0
 0
 1
 9948
 173
 9
 0
 0
 0
 185
 0
 371
 0
 3
 1287
 0
 1999
 1580
 0
 1906
 258
 15471
 0
 500
 6547
 965
 0
 0
 10680
 0
 90
 12
 0
 0
 101788
 104449
 12096
 17220
 9
 0
 155
 3183
 5342460
 2102794
 0
 0
 149
 0
 1765
 1834
 7727
 1850279
 19
 8
 0
 433
 0
 130
 0
 2320
 2
 8
 9986
 2829
 22020
 205
 0
 20
 0
 0
 0
 0
 544
 42
 0
 2455
 1
 28767
 102
 0
 61
 0
 14
 0
 1020
 0
 1039
 0
 5558
 2
 13
 0
 0
 9
 577
 2
 12927
 467
 14565
 0
 33876
 30282
 76
 0
 0
 31
 855
 18106
 36
 0
 0
 21
 0
 3113
 0
 74246
 0
 1403
 2445
 4713
 863
 5
 0
 6832868
 2519832
 0
 0
 1282072
 0
 0
 11
 0
 0
 15
 0
 0
 0
 2659
 0
 62
 1853
 471
 42
 26416
 0
 0
 1797
 0
 0
 0
 0
 0
 0
 0
 0
 12
 7178
 6634
 1351
 606
 0
 0
 13206
 3396
 15146
 220
 0
 110
 7
 0
 62
 0
 1426
 0
 0
 80290
 0
 0
 0
 0
 1496
 3137
 4
 2
 604
 0
 1
 21287438
 448171
 1229
 1124
 0
 134541
 0
 1312
 9976
 571
 0
 100
 12
 0
 0
 0
 0
 4
 16756
 0
 0
 0
 4
 0
 0
 0
 185
 329
 0
 0
 0
 0
 3118
 0
 0
 173
 0
 0
 447
 0
 0
 284
 67476
 0
 13704
 50
 0
 31307
 35720
 7550
 901
 122462
 46
 0
 0
 0
 680
 606
 24620
 0
 0
 4998
 0
 0
 0
 56693
 0
 8421
 0
 0
 0
 4992
 0
 5
 5449
 0
 0
 25
 0
 0
 0
 0
 0
 1255
 0
 0
 0
 0
 0
 0
 0
 0
 0
 0
 155
 0
 0
 2
 51
 0
 0
 11
 3
 17
 802
 21
 38900
 33
 82
 0
 0
 7
 0
 0
 0
 123
 0
 2842
 0
 241
 0
 28178
 1449
 12
 0
 6154
 51483
 0
 0
 0
 37211
 0
 20
 0
 0
 132
 0
 1047
 0
 349
 137
 0
 0
 1044
 0
 0
 304
 0
 0
 0
 0
 22
 59
 44
 6425
 0
 0
 0
 0
 137
 572
 770
 73
 0
 0
 0
 0
 19143
 24
 0
 0
 0
 0
 30
 5369
 0
 0
 40882
 0
 149
 2433
 0
 12
 0
 0
 5
 1447
 178
 0
 0
 0
 0
 12
 426
 1
 0
 14238
 1806
 0
 1
 6
 0
 0
 610
 27906556
 5195234
 1821843
 545527
 3
 30
 0
 0
 0
 0
 0
 0
 8
 0
 0
 5968
 0
 0
 1827
 0
 1586
 2197
 13148
 11
 17
 0
 121
 0
 174
 0
 0
 1560
 2849
 0
 0
 5
 0
 1090
 236
 22
 8527
 258
 0
 0
 0
 0
 2
 0
 2
 90974
 0
 3
 318
 33349
 1367
 0
 19
 8702
 3
 381
 0
 0
 28935
 167
 591692
 0
 7839
 2654
 21
 7
 5705
 15
 0
 0
 0
 27503
 7630
 3
 34
 54955
 0
 0
 0
 0
 0
 0
 0
 0
 0
 1172026
 554
 0
 4
 16451
 174646
 6992
 0
 0
 1185
 0
 0
 0
 4
 0
 11
 330
 0
 0
 9828
 77
 594
 3307
 1
 400834
 0
 8011
 1251
 0
 0
 76
 2504
 0
 0
 0
 186
 169
 9395
 0
 0
 13
 1062329
 181921
 40
 8
 0
 255
 9
 16
 3
 0
 0
 9522
 36349
 18572
 90
 3723549
 22997
 0
 0
 0
 151
 0
 7
 0
 15
 0
 0
 14
 0
 4
 42978
 0
 2
 0
 4
 0
 0
 51
 198
 0
 214
 0
 0
 0
 1
 0
 38726
 7484
 2
 1110
 0
 3
 4
 0
 0
 0
 74228
 0
 0
 0
 201815
 1190
 71
 107
 1408
 140473
 0
 4884
 1135189
 262
 29
 87
 0
 0
 0
 477612
 0
 437
 5861
 0
 0
 0
 0
 0
 76
 0
 173652
 55
 0
 0
 0
 0
 0
 0
 2012
 0
 137
 0
 0
 0
 125
 1
 2
 0
 0
 179
 0
 0
 21889
 0
 169
 0
 11
 0
 100
 13
 6
 48
 62
 1
 0
 0
 38289
 3992
 0
 0
 826
 74
 0
 19
 40
 130
 125
 206063
 0
 491605
 3806
 26
 1585
 0
 489
 0
 0
 0
 304291
 0
 0
 0
 0
 12444
 348
 10
 0
 1
 9
 0
 58
 28
 984
 0
 0
 0
 501923
 8
 7710
 0
 0
 0
 0
 2
 64939
 32913
 0
 17
 0
 1413
 50581
 4310
 0
 0
 634
 0
 1946
 122
 16
 6646
 0
 0
 586
 0
 67
 0
 0
 6595
 0
 0
 895
 0
 55
 0
 13180
 0
 53971
 0
 1
 111
 0
 0
 0
 316
 0
 696
 0
 0
 0
 0
 0
 2656
 0
 382531
 0
 0
 1280
 0
 3429
 3759
 432
 745
 0
 0
 0
 0
 0
 1963
 0
 0
 451
 0
 84
 574
 450
 0
 344
 0
 0
 0
 0
 1995
 50
 0
 36
 49
 0
 2536
 8537
 0
 0
 5074849
 83788
 121
 973
 1506
 3
 12
 0
 0
 1
 0
 1234321
 80
 20
 544
 0
 56
 5122
 24439
 1573
 34
 0
 106664
 81
 24
 0
 0
 2269
 962
 0
 12
 0
 0
 4151
 316445
 0
 0
 0
 484716
 39
 94
 3
 743
 35
 790
 0
 586
 19
 0
 0
 55893
 2526
 0
 0
 63
 0
 115
 0
 334
 11
 0
 14559
 0
 47
 54
 0
 0
 0
 0
 38
 889
 338
 0
 48
 36158
 0
 0
 12290
 24196
 33
 0
 0
 0
 21815
 0
 1412
 11540
 729
 0
 19
 5317
 84
 0
 4
 0
 503
 12968
 212
 15133
 15
 24214
 0
 0
 374
 0
 11
 3
 2
 0
 90474
 2948
 0
 33
 0
 835
 0
 0
 0
 56302
 76
 0
 0
 0
 101
 241
 470
 0
 0
 0
 284
 0
 0
 0
 0
 825
 0
 0
 0
 0
 0
 0
 0
 0
 0
 62
 28
 0
 0
 197
 688
 0
 0
 33
 0
 3
 3
 0
 40
 0
 2546
 2985
 0
 0
 176
 2503444
 539478
 0
 0
 0
 0
 2
 0
 0
 0
 0
 0
 0
 885
 0
 585928
 3669
 0
 523
 0
 869
 16072
 101
 0
 0
 9066
 832
 10
 6092
 0
 2451
 4857
 7513
 3016
 0
 0
 0
 341783
 6
 2034
 0
 386
 24105
 2
 2921
 249
 0
 5
 70
 2
 0
 0
 538
 7400
 9
 0
 0
 0
 0
 0
 0
 0
 310
 0
 0
 0
 0
 0
 0
 0
 0
 254
 0
 0
 2543
 21
 120
 0
 163
 0
 0
 0
 0
 0
 0
 0
 0
 88
 24
 0
 5
 0
 0
 85
 1489
 0
 121
 0
 0
 55696
 6717
 169
 0
 0
 0
 506
 0
 0
 0
 0
 0
 0
 0
 0
 5692
 2392
 0
 133
 4656
 275
 21
 0
 411
 2349
 0
 142
 0
 4125
 19
 334
 0
 7
 2672
 0
 0
 28
 3
 1
 18
 0
 5162
 0
 0
 10
 0
 0
 78
 0
 7463
 4
 0
 0
 0
 2
 0
 373
 0
 3128
 5179
 47
 7
 0
 0
 0
 0
 0
 10
 0
 796
 21
 0
 0
 40034
 0
 505
 2334
 1261
 3916
 8063
 0
 2
 0
 441
 0
 8672
 14
 0
 123310
 24010
 160
 874
 0
 3169
 220
 0
 0
 32
 0
 0
 0
 34
 9273
 9
 245
 23050
 0
 18037
 0
 19
 257
 0
 1
 0
 0
 135204
 5156860
 8358
 0
 64
 7
 15380
 35
 0
 413
 341815
 23
 0
 4177
 0
 0
 5
 0
 0
 229
 0
 0
 56904
 58563
 4
 6
 0
 0
 90
 0
 48604
 0
 0
 0
 0
 2498
 614
 0
 0
 0
 3985
 1914
 983
 0
 0
 17
 0
 0
 360
 0
 0
 0
 29
 11
 0
 24
 977
 0
 7123
 684
 0
 0
 20
 2
 38
 15652
 576
 562
 8773
 861
 13
 0
 0
 53
 28956
 4481
 471
 0
 350
 2
 635
 12872
 130
 3473
 0
 12
 0
 0
 0
 0
 8158
 0
 0
 0
 62460
 36417
 0
 85854
 0
 0
 1
 0
 3
 51855
 0
 0
 25988
 0
 25964
 0
 856
 6
 2066
 43126
 0
 0
 23
 0
 0
 0
 235
 0
 1736
 294
 0
 18
 38805
 96072
 0
 5
 59551
 0
 0
 0
 0
 0
 90
 0
 18
 0
 614
 0
 0
 60
 14
 87
 0
 0
 4396
 0
 912
 0
 0
 261
 37
 3912
 4139
 770
 0
 705
 0
 259
 0
 99
 167
 36
 0
 0
 53
 47
 0
 0
 209
 64
 0
 0
 0
 15217
 0
 81
 0
 0
 0
 0
 0
 0
 11
 0
 22
 0
 0
 0
 0
 10
 0
 4265
 1393
 0
 5
 3
 308613
 0
 35
 0
 297
 13646
 1435
 0
 0
 0
 358
 0
 26
 45404
 0
 0
 0
 1263
 0
 0
 35
 0
 0
 313723
 10
 0
 0
 25
 0
 0
 0
 0
 0
 211
 268
 0
 0
 141
 4808
 0
 2320
 0
 0
 0
 10
 28196
 11866
 58
 0
 5620
 1352
 0
 0
 579
 121377
 3238
 97853
 48
 0
 0
 0
 2062
 0
 2
 4
 0
 76
 12126
 63
 15
 0
 0
 141326
 29966
 63
 41563
 0
 26599
 789
 0
 7489
 0
 0
 3637
 9776
 0
 0
 0
 0
 0
 96
 0
 918
 0
 237
 982
 0
 220
 63
 11
 29
 2216
 60
 8
 0
 0
 11
 0
 3
 70716
 0
 26333
 23
 117
 769
 38
 134
 0
 0
 0
 0
 0
 0
 0
 0
 68
 26271
 954
 6056
 0
 1180
 0
 0
 0
 4
 2
 11
 0
 14198
 0
 2
 0
 9
 33
 0
 0
 2075
 0
 20
 0
 0
 0
 1014
 25
 0
 1
 0
 0
 0
 6
 36
 0
 5313
 0
 31
 1839
 12216
 81
 6
 949
 4360
 0
 0
 0
 0
 159
 0
 185243
 300903
 0
 0
 0
 791
 0
 0
 0
 0
 0
 43
 378
 14
 638580
 6159
 5
 0
 936
 0
 0
 0
 6316
 548
 0
 28908
 245
 10
 0
 40734
 0
 22
 531482
 4095
 10
 0
 0
 0
 0
 0
 81855
 39624
 746
 6
 2518
 0
 501836
 0
 81753
 0
 148
 5602
 0
 0
 801
 0
 4018
 14
 1524311
 83373
 0
 533
 347
 0
 16828
 15
 0
 0
 0
 0
 205
 4
 0
 0
 1
 717
 286
 0
 1
 1
 0
 0
 0
 0
 19
 7680
 1331123
 0
 0
 109864
 0
 43
 22525
 0
 0
 280
 0
 659
 0
 179
 148453
 0
 35340
 0
 0
 0
 0
 466
 0
 1735
 230
 0
 0
 7
 50
 0
 20276
 121
 0
 8550
 640
 0
 207
 4
 9
 0
 0
 0
 26
 136204
 5
 0
 0
 34
 246251
 180
 10
 566
 144
 0
 0
 0
 0
 0
 0
 15
 0
 1794
 13
 901777
 3161
 0
 45
 0
 10080
 0
 4
 0
 0
 9
 29
 11604
 0
 0
 156
 223
 0
 0
 204
 617
 0
 9920
 26682
 0
 0
 21
 0
 0
 9
 0
 0
 0
 0
 66
 60575
 0
 1
 16
 0
 0
 0
 178
 31
 2558
 3
 0
 2244
 5
 234
 300437
 2
 0
 2435
 278
 0
 14
 0
 6479
 0
 0
 4970
 0
 0
 0
 524
 705
 26
 0
 0
 10969
 490464
 0
 0
 0
 585
 0
 104881
 0
 58
 0
 0
 177
 30364
 0
 470
 0
 0
 5
 0
 1203
 147
 422
 0
 266
 0
 0
 0
 6341
 0
 40
 260172
 52
 0
 2
 0
 0
 312
 0
 0
 739003
 455
 6750
 0
 0
 0
 156
 0
 0
 46
 0
 0
 0
 50720
 0
 52
 2
 216
 14090
 37
 0
 5290
 0
 0
 0
 36
 133
 4103
 4382
 217
 44
 0
 4
 0
 2
 0
 1
 2903
 54379
 14
 0
 0
 574
 875
 0
 1248
 532671
 0
 0
 0
 0
 0
 0
 4828
 1757
 1
 29588
 1269
 0
 0
 75
 7012
 0
 3343
 0
 0
 40960
 0
 0
 0
 0
 11
 67
 97
 65
 1102
 920
 740295
 7974
 9
 0
 0
 0
 88590
 5518
 0
 911
 0
 0
 0
 0
 0
 43
 5
 39536
 371
 162
 0
 0
 1276
 4100
 0
 33
 585
 3963
 0
 172194
 2407960
 577
 1
 332
 0
 12
 480885
 0
 37643
 128
 2
 16
 49
 8
 9068
 576
 20
 900
 0
 3
 56052
 0
 4785237
 287564
 5
 493
 0
 835107
 0
 3
 27184
 371810
 0
 4
 0
 0
 1
 0
 14
 0
 264
 115
 117
 3385
 349
 0
 25782
 7942
 45
 13
 91
 94
 11
 82
 0
 10
 0
 0
 0
 1
 12
 0
 166
 0
 66364
 0
 1
 0
 0
 3780
 0
 0
 20
 28
 0
 0
 0
 439
 767
 0
 2012
 269
 0
 4
 0
 0
 37427969
 18692
 3
 0
 0
 0
 7279
 0
 0
 0
 41
 0
 0
 94811
 0
 3312
 3365
 0
 302
 6
 0
 30
 0
 92
 0
 497
 0
 458
 0
 261636
 473
 0
 2
 0
 111602
 188
 2
 0
 247
 0
 0
 0
 0
 3
 0
 0
 1338
 15
 0
 0
 81898
 0
 208104
 0
 0
 912
 0
 0
 0
 2
 26056
 23
 41
 0
 0
 4
 0
 0
 0
 0
 472
 49
 1
 20
 0
 455992
 105
 6
 0
 3034
 40515
 0
 1072
 0
 2756
 0
 0
 505
 0
 5360
 257
 0
 0
 1
 2203
 126
 1232
 15
 0
 0
 0
 13
 0
 767
 0
 0
 0
 294
 15
 168
 0
 0
 0
 1600
 87
 0
 35
 61132
 16
 0
 131
 0
 359
 0
 0
 38932
 13
 0
 0
 193
 0
 1
 0
 184
 0
 0
 0
 0
 126213
 0
 11986
 172
 46968
 0
 0
 76
 0
 3940
 0
 7
 0
 9293
 0
 0
 0
 74929
 60494
 16310
 0
 141
 0
 15333
 5
 1
 0
 0
 0
 35216
 0
 0
 0
 170
 84120
 0
 0
 3047
 4616
 0
 0
 2200
 15
 0
 7
 0
 9134
 0
 0
 0
 0
 0
 0
 9
 0
 0
 5115
 180
 17
 15092
 19938400
 41519
 1
 0
 2347861
 20829136
 21
 0
 0
 0
 0
 0
 0
 0
 840
 0
 81
 0
 0
 0
 0
 71
 0
 1429
 160
 0
 0
 0
 0
 2719
 1
 0
 0
 30
 0
 0
 166
 0
 25
 0
 1
 0
 0
 477459
 2
 0
 104
 3925
 105756
 84
 2
 0
 0
 185
 4384
 7
 555
 0
 0
 0
 0
 164774
 48342
 12
 0
 0
 0
 87
 0
 0
 0
 1
 3327
 1414
 40
 2
 1464
 0
 64
 64
 2536369
 1863
 2
 1342
 281
 1635
 13
 4911
 0
 824
 3693401
 95998
 2949
 0
 1570
 0
 1887
 7
 0
 0
 0
 0
 0
 8
 340
 0
 0
 14944
 0
 284
 119
 1778
 24848
 0
 594
 0
 963
 324
 43
: 0
 0
 2011
 0
 0
 11
 4791
 6040
 0
 0
 2962
 0
 0
 0
 0
 130
 0
 0
 19488
 269230
 0
 0
 489
 568583
 0
 575
 0
 0
 0
 0
 288
 663002
 12586
 0
 0
 292
 4889
 4949
 1050
 23395
 0
 17520
 0
 53175
 0
 0
 0
 41444
 586
 38496
 0
 5
 94380
 42
 0
 0
 11
 0
 0
 118
 0
 0
 24777
 0
 62
 0
 2
 437
 245429
 0
 0
 260
 58624
 14742
 3353
 0
 0
 515
 36
 0
 1
 78344
 28
 17117
 16
 0
 277
 0
 0
 3275
 0
 6002
 0
 0
 128810
 89
 1
 0
 1
 1
 73264
 1
 104
 184422
 80420
 0
 0
 0
 5687
 0
 0
 0
 0
 0
 11
 732
 0
 2
 3393461
 570802
 18445
 838
 0
 250
 3
 0
 742
 8866
 0
 3410
 0
 0
 0
 0
 123
 0
 60
 0
 84
 6
 1295788
 705277
 21164
 323
 7
 1
 0
 3
 1789
 0
 1949
 119
 0
 2029
 0
 0
 77
 0
 73
 1795
 0
 0
 0
 513
 40
 3530
 729
 0
 0
 0
 0
 37
 228
 26
 6164
 0
 0
 1
 0
 259703
 8
 2
 7
 6
 7
 0
 2002
 16
 281
 48
 180
 24779
 173
 672
 140843
 7719
 0
 0
 1
 0
 11
 0
 505
 0
 20
 0
 2350
 0
 3567
 5
 139
 0
 23583
 147512
 5
 43
 1
 0
 6777
 0
 599
 0
 0
 0
 0
 19343
 564068
 26
 0
 0
 4771
 43
 34978
 0
 0
 0
 0
 0
 0
 1780
 1
 1272
 5053302
 0
 0
 0
 561331
 919
 0
 28819
 9
 3863
 6969
 0
 474
 0
 5
 0
 5102
 74
 10
 1
 1116
 3873
 0
 73
 1
 3753
: 1
 5
 3
 2
 0
 0
 0
 0
 0
 7
 3
 0
 95
 345
 4259
 46
 0
 0
 0
 599302
 0
 99
 23944
 0
 54803
 0
 70
 0
 0
 23543
 0
 32059
 0
 0
 0
 0
 62
 3377
 0
 0
 7851
 21
 1577
 0
 0
 0
 0
 0
 0
 0
 0
 0
 0
 0
 3108
 0
 0
 0
 0
 0
 28603
 0
 0
 78479
 0
 1
 1
 0
 0
 30761
 0
 2659
 1
 0
 1718
 22813
 0
 13
 198
 0
 19130
 0
 5843
 0
 0
 0
 414
 2527
 14
 2020
 0
 4238
 0
 295
 1999
 0
 0
 0
 5
 0
 0
 2
 28
 0
 0
 0
 343
 1058
 6655
 0
 0
 766
 0
 0
 0
 599
 303407
 44954
 0
 2720
 0
 1
 2930
 1205
 401
 0
 14
 235
 0
 49
 2026
 10
 0
 16798
 0
 1464
 0
 0
 0
 0
 595
 31523
 0
 571
 625
 25781
 112119
 173
 79
 0
 0
 24009
 0
 523
 0
 0
 1750
 77
 3120
 2
 0
 114
 0
 0
 24
 16
 23991
 863
 0
 0
 613
 0
 894
 0
 0
 0
 7133
 0
 25
 1
 1776
 48158
 2888
 0
 364
 2638
 0
 0
 4
 1342
 0
 0
 0
 449
 30
 28
 9
 3
 0
 496
 0
 1193
 3993
 4435
 26354
 0
 0
 0
 0
 2820
 358
 50664
 0
 59
 245
 1940
 0
 148
 805
 1
 6183
 0
 783
 0
 94
 0
 101
 0
 0
 0
 0
 0
 2428
 54035
 0
 5
 0
 1095
 31
 820
 9005
 0
 0
 12
 175
 0
 0
 185
 3402
 0
 0
 0
 1961
 0
 22576
 571
 37
 0
 19
 0
 0
 0
 0
 0
 0
 4124
 0
 1
 0
 0
 0
 1331
 9
 0
 247
 94
 160
 0
 0
 129
 0
 0
 0
 1941
 7872
 0
 0
 0
 1
 0
 12566
 9
 0
 0
 125647
 762485
 54
 23
 5119
 17
 0
 0
 36
 0
 96
 50
 0
 110
 10
 9
 0
 388583
 0
 4
 0
 0
 2
 0
 641019
 0
 687
 0
 0
 355
 3
 523
 0
 0
 0
 0
 2
 16
 0
 44
 17935
 6
 590
 919
 0
 0
 0
 0
 0
 0
 0
 0
 0
 0
 0
 21
 50936
 843
 0
 17066
 0
 0
 0
 4964560
 0
 1
 6446
 252
 9237
 0
 0
 58
 0
 116036
 0
 1
 0
 0
 0
 15299
 0
 82
 0
 0
 0
 15479
 0
 0
 8
 62
 0
 19
 0
 300
 56
 6
 36638
 0
 34
 0
 0
 90404
 0
 6
 795966
 5
 4
 0
 4539
 0
 0
 0
 52
 1
 1045
 0
 20178809
 469813
 1099
 290
 52021
 0
 0
 12
 268
 0
 1
 67
 83
 3062
 7570
 6068
 0
 0
 0
 2524
 359
 0
 0
 0
 113
 0
 0
 29
 0
 0
 0
 335
 2669
 0
 4209
 0
 3950
 0
 0
 1428
 0
 0
 10
 4002
 0
 95
 4825894
 9542
 47
 0
 0
 1206
 0
 305
 1651
 0
 6403
 1434
 725
 0
 0
 2179
 89
 0
 4550
 193715
 0
 0
 0
 33
 0
 40424
 658
 723
 6062
 45
 87
 0
 94
 732
 0
 0
 12153
 113416
 0
 0
 0
 0
 24559
 304
 9945
 0
 0
 3996
 0
 17
 45
 0
 42
 0
 59
 0
 0
 0
 3782
: 9
 0
 0
 1111
 0
 243
 0
 0
 142312
 0
 2
 1683
 0
 0
 1397
 124528
 0
 862
 3
 0
 0
 0
 5
 13
 166025
 0
 0
 0
 41386
 0
 0
 0
 0
 0
 0
 41
 0
 0
 177
 6
 3
 4
 0
 0
 187
 0
 6
 0
 1510
 582
 481
 1
 38
 21
 3132
 0
 0
 0
 9
 694
 26
 55687
 158
 8
 1076
 0
 0
 0
 0
 13
 0
 9342
 259347
 14
 0
 1109
 2
 30
 5
 5
 0
 3721703
 114994
 491823
 8
 0
 0
 13
 0
 0
 0
 71
 5574
 0
 0
 2115
 0
 0
 17313
 7
 0
 7188
 0
 0
 0
 0
 0
 0
 0
 0
 0
 5786
 0
 41
 0
 101896
 0
 60459
 419007
 0
 27645
 9
 19079
 10524
 81
 1152
 1
 0
 40
 28172
 0
 0
 0
 4562
 0
 173
 0
 0
 290
 343
 3877
 16827
 0
 0
 0
 0
 43
 0
 7
 0
 0
 36397
 64
 24051
 909
 1141
 131399
 0
 0
 4432
 0
 0
 24996
 0
 0
 1088
 0
 0
 2
 6967
 0
 0
 0
 0
 104042
 436
 0
 0
 0
 0
 474
 408
 341268
 0
 0
 105
 0
 21500
 15
 1
 38
 2
 10
 103385
 0
 1411
 40
 0
 1669
 0
 0
 0
 4
 111
 0
 1438716
 765999
 45
 0
 19583
 239
 10383
 1029
 9139
 676
 0
 0
 0
 0
 0
 67
 0
 1
 0
 4031
 4712
 0
 5070
 43
 458
 0
 0
 29790
 919
 24851
 0
 0
 2
 0
 259
 0
 23
 68355
 4043
 23
 0
 0
 0
 107836
 0
 0
 24
 34460
 55615
 0
 552
 0
 412
 1970962
 23
 1248722
 397945
 14
 135
 0
 0
 0
 0
 0
 1198
 1
 72
 8
 4218
 0
 67
 0
 30
 693
 30437
 0
 1247
 9
 3009
 104779
 0
 0
 71
 0
 211
 0
 0
 34
 258
 0
 209
 0
 86
 3
 0
 0
 101451
 26926
 0
 0
 0
 0
 1
 2241
 225032
 1
 1885
 9222
 1538
 0
 0
 3315
 56
 0
 0
 0
 982
 522
 0
 0
 7825
 15183
 0
 12
 21602
 0
 0
 0
 0
 0
 0
 65
 14414
 1800
 37081
 208
 137
 2057
 0
 0
 738
 0
 0
 154938
 217
 177
 0
 0
 1325
 5015
 18
 0
 4476
 0
 11
 0
 0
 0
 15
 0
 777
 7
 0
 14
 0
 2678
 0
 0
 0
 23637
 24490
 0
 0
 23109
 0
 0
 13
 0
 309
 0
 0
 448
 0
 0
 19339
 124
 0
 54
 0
 8443
 0
 0
 0
 0
 21
 111653
 141
 1337
 23
 0
 0
 0
 0
 0
 0
 0
 0
 0
 18625
 0
 0
 43
 3655
 0
 0
 7456
 0
 8415
 0
 0
 1382
 0
 437782
 10
 45
 8
 415
 0
 49
 0
 3
 0
 266
 65871
 0
 41
 0
 136
 183525
 0
 0
 0
 31
 0
 0
 0
 0
 0
 4350
 123307
 0
 110
 0
 59031
 296
 0
 0
 3130
 0
 0
 4730
 24
 2
 76
 0
 0
 0
 0
 10
 25
 0
 0
 573
 0
 5642
 34935
 491
 0
 6757
 0
 5903
 197
 0
 0
 68
 5262
 0
 33527
 4607
 11079
 0
 0
 15
 0
 0
 0
 478
 0
 40225
 407826
 0
 4397
 41322
 0
 0
 5
 0
 771
 0
 0
 4755084
 55980
 2066
 50
 0
 0
 2174
 0
 0
 0
 0
 0
 0
 2
 0
 0
 0
 16
 136
 0
 0
 608
 4929
 0
 11
 2
 651
 0
 1
 69
 2248
 0
 123
 0
 119884
 61
 2
 55824
 1051
 0
 35180
 55602
 13
 100613
 0
 0
 547961
 0
 0
 312
 0
 4
 1
 30
 7
 0
 0
 11018
 0
 3
 118152
 2836
 10
 21106
 14580
 73282
 8713
 19679
 3904
 47
 0
 0
 0
 0
 5187845
 828
 0
 0
 0
 1608
 2
 2326
 350
 310187
 5068
 0
 0
 0
 1
 0
 4
 0
 0
 0
 0
 106
 40
 0
 2646
 0
 4521
 0
 422
 0
 16
 0
 8300
 0
 0
 0
 0
 0
 0
 142289
 0
 0
 0
 1321
 0
 1
 0
 239
 0
 0
 373313
 4727
 1
 0
 80690
 225
 0
 0
 9
 17
 1060
 5
 0
 0
 0
 1
 2
 6473
 0
 0
 666255
 35443
 36023
 0
 2822
 0
 0
 0
 0
 6880
 0
 7636
 0
 306
 439
 80912
 0
 0
 0
 0
 1
 290
 38
 0
 0
 1121
 5
 0
 0
 242
 0
 0
 5039
 267
 0
 84192
 0
 49998
 0
 0
 3237
 0
 338
 0
 59
 0
 111415
 906
 44
 0
 0
 10601
 0
 0
 0
 600
 9
 0
 0
 50
 31
 24
 0
 0
 1166
 0
 0
 6
 2
 110
 22542582
 179026
 64
 0
 21
 0
 47234
 0
 11
 38
 320
 1
 568
 0
 0
 8000
 154
 0
 0
 0
 0
 587
 361
 996
 0
 0
 2469
 4753
 1
 3251
 768
 4
 386
 55850
 1498
 0
 556962
 271
 337
 0
 0
 2932
 1506
 0
 247
 1
 28670
 0
 3
 7661
 0
 0
 0
 503
 3894
 2368
 0
 0
 1471
 892
 1
 0
 0
 0
 0
 13
 901
 0
 12
 178
 19681
 311
 2
 2
 3972
 38416
 1967
 51086
 16464
 0
 45
 0
 0
 8933
 0
 0
 0
 1923
 0
 349947
 0
 0
 0
 256829
 355
 0
 0
 1164
 9246
 0
 5031
 8234
 0
 98
 0
 577
 0
 155
 0
 216
 9
 0
 12142
 91
 0
 2000
 0
 41
 1
 21
 0
 149149
 43
 189
 0
 2
 0
 0
 205
 200
 0
 753
 41
 7501
 0
 0
 0
 0
 157
 8195
 0
 1
 48
 20
 0
 598
 525
 0
 111
 560699
 1
 6023
 0
 346
 184
 273
 1
 0
 233
 0
 59
 1
 0
 11280
 845
 0
 0
 432
 0
 374
 2
 8386
 55
 6921
 77311
 0
 187
 0
 4
 6546
 78482
 0
 0
 0
 1
 403
 0
 7
 0
 0
 0
 0
 583
 0
 0
 0
 136
 122532
 1
 24623
 306
 0
 0
 3391
 1
 9
 0
 71
 5005
 0
 147
 772
 0
 0
 0
 897
 2
 0
 29127
 322
 8307
 5035
 0
 0
 51344
 0
 4609
 0
 0
 2
 3827
 4864
 211
 0
 0
 2550
 0
 94
 0
 0
 195
 13311
 456430
 1194
 301
 2543999
 0
 0
 5672
 0
 0
 0
 166054
 2195
 0
 37435
 19
 18
 0
 8
 0
 1361
 0
 1
 0
 78261
 871
 0
 46
 0
 218
 32885
 34
 0
 0
 58365
 120997
 7
 0
 0
 20
 0
 0
 4
 0
 2041
 0
 8850
 0
 0
 0
 1580
 5938
 15305
 554691
 0
 299
 0
 89959
 0
 0
 0
 11926
 20346
 1
 0
 0
 0
 482
 29053
 0
 3
 313
 58702
 0
 107
 0
 39
 1
 226
 8
 0
 28
 9
 769249
 15
 0
 0
 3
 196
 0
 97590
 446
 1194
 0
 25
 0
 535
 0
 84
 2
 48784
 0
 404749
 0
 0
 44
 5
 534
 0
 167
 0
 0
 0
 0
 0
 1
 4
 75
 5
 8
 77
 3
 0
 176711
 10121
 1
 1394
 0
 1695
 0
: 21582
 0
 6964
 55177
 46
 18
 0
 0
 2
 1214
 234
 0
 470
 364695
 0
 0
 2779
 2575
 4213
 36
 0
 0
 0
 92
 4683
 49
 128
 0
 25
 4481
 0
 29002
 0
 0
 2432
 0
 304890
 0
 0
 0
 0
 1925
 0
 0
 971753
 417
 1694
 0
 50
 0
 1890
 269
 22923
 0
 0
 0
 5
 0
 32
 0
 0
 879
 0
 0
 0
 2
 0
 0
 0
 15654
 0
 0
 3
 0
 0
 0
 0
 10
 677
 750
 0
 22
 0
 5
 0
 0
 0
 560
 0
 0
 356
 597
 9
 0
 69520
 739
 257415
 3510
 46
 0
 9540
 0
 0
 0
 5580
 152
 0
 0
 0
 167
 0
 966
 269
 1
 8183
 38181
 0
 278
 0
 88
 0
 0
 0
 0
 0
 523
 11
 102
 6026
 1
 0
 3
 36
 2971
 12
 0
 0
 0
 2029
 433
 0
 443
 0
 473356
 0
 676
 0
 24
 0
 0
 3684027
 1229
 0
 0
 0
 0
 0
 0
 3
 28
 24
 0
 32
 216877
 0
 0
 32
 0
 0
 0
 0
 0
 0
 1
 0
 0
 637
 703
 0
 92
 0
 512
 3101
 112
 505055
 4
 449540
 0
 0
 0
 0
 2176
 0
 0
 183
 911
 0
 0
 544
 0
 132
 0
 0
 1
 0
 0
 265
 0
 306
 0
 0
 13419
 13
 0
 0
 17
 464
 0
 0
 1334
 5717
 0
 524
 78737
 0
 0
 18
 1093
 0
 85
 0
 988
 0
 0
 0
 0
 0
 0
 16
 6732
 0
 2
 0
 0
 0
 9
 235
 0
 0
 0
 0
 68242
 672
 0
 0
 5316
 939
 0
 15970
 0
 37
 0
 57
 37805
 0
 10
 78
 0
 0
 0
 0
 111
 94
 0
 76259
 0
 0
 254
 37041
 17
 0
 0
 0
 2383
 14158
 0
 1708
 0
: 5
 0
 0
 0
 0
 0
 0
 0
 41938
 16399
 0
 0
 3
 0
 0
 111333
 0
 0
 0
 416
 329
 0
 0
 1931776
 0
 0
 0
 0
 0
 397
 5484
 0
 0
 13
 0
 0
 0
 0
 24285
 0
 21
 0
 0
 2253
 685
 68
 2872
 0
 4614
 0
 1207
 0
 0
 101298
 0
 0
 7887
 1269
 5300
 0
 0
 4334584
 0
 3271
 2
 0
 0
 0
 0
 0
 1828322
 2004
 2479358
 29540
 12115
 118
 7138
 0
 0
 0
 1048
 0
 1
 0
 711788
 5087783
 1733643
 41
 4779
 0
 17
 0
 199
 0
 0
 0
 0
 22357
 17
 0
 0
 0
 0
 4
 367
 0
 769
 0
 1534
 787
 14433
 17185
 0
 75
 0
 0
 137
 0
 13935
 0
 0
 0
 18
 1
 0
 0
 20
 54
 50
 439
 0
 0
 0
 26227
 0
 8
 0
 0
 0
 0
 17
 0
 0
 4
 15
 6745
 281717
 16
 2686412
 0
 0
 0
 18
 0
 0
 3
 0
 95
 0
 0
 0
 0
 949
 0
 0
 0
 0
 29622
 0
 0
 830
 0
 0
 51318
 387
 0
 10
 8
 28
 0
 0
 0
 50
 0
 0
 0
 332
 0
 0
 6791
 0
 1010
 925
 2
 8
 14
 292
 0
 1819
 0
 0
 4812
 0
 2741
 8
 0
 378
 0
 23319
 0
 0
 6
 0
 0
 0
 4789
 108
 0
 0
 0
 3382
 0
 0
 0
 4658
 0
 66
 138276
 0
 0
 0
 3712
 39450
 0
 0
 0
 1591
 967
 0
 0
 0
 3743
 0
 0
 76200
 0
 362
 0
 0
 632113
 25735
 6
 8526
 617
 776
 5288
 30373
 0
 10480
 0
 0
 0
 3946
 0
 0
 83980
 0
 0
 0
 4023
 2
 67
 33
 9931
 0
 0
 0
 51534
 1342
 0
 28
 0
 0
 0
 15
 19
 0
 0
 49
 0
 46
 20136716
 277
 675
 0
 6545
 23
 9757
 703
 0
 0
 0
 0
 0
 10
 0
 0
 719979
 1
 27
 1054779
 253
 27
 2041
 73
 0
 0
 1041
 15
 7249
 9632
 0
 11
 11000
 13
 1914
 5
 22947
 8303
 0
 0
 20
 0
 0
 0
 0
 0
 0
 0
 32644
 9
 0
 0
 0
 151
 0
 0
 497
 0
 599
 428
 3416
 0
 13
 8197
 0
 0
 2880
 372724
 53
 0
 28033779
 773146
 1
 0
 0
 4353
 0
 0
 0
 3
 14292
 18586
 781
 0
 40
 13643
 6
 674
 0
 0
 0
 40
 0
 11
 0
 0
 7
 0
 804
 0
 0
 0
 0
 0
 760
 0
 32777
 0
 6
 13
 61
 3661265
 5431
 1230
 16
 25010
 0
 264
 0
 60944
 28
 3
 29
 0
 462
 32
 0
 22179
 1
 0
 1680
 7
 6578
 12006
 0
 0
 0
 723494
 0
 63
 10
 0
 0
 0
 20
 3733
 0
 52505
 0
 0
 194
 0
 89
 0
 15
 29
 0
 0
 0
 0
 16358
 4800
 0
 0
 7859
 0
 34
 0
 6
 5
 0
 23
 0
 1525
 1
 0
 0
: 0
 51
 10
 0
 7
 641468
 0
 255
 396
 0
 0
 1710
 3
 24659
 16612
 0
 3798
 0
 0
 0
 0
 1125
 17
 15
 0
 0
 3
 14284
 1872
 0
 0
 829
 2
 0
 0
 5
 0
 0
 0
 0
 0
 0
 0
 0
 5
 7911
 0
 3
 127
 9
 1
 0
 0
 69
 12
 0
 2100
 0
 65687
 0
 0
 0
 0
 17482
 90
 0
 0
 431
 56
 0
 252
 0
 0
 0
 83
 0
 2
 8
 437
 0
 8165
 4981852
 0
 0
 0
 0
 0
 0
 23
 17364
 0
 0
 0
 0
 13
 67765
 0
 0
 204
 0
 0
 0
 0
 35200
 11646
 0
 2673
 0
 0
 279
 64
 0
 0
 7
 0
 7284
 0
 0
 0
 0
 0
 874
 0
 0
 12
 0
 0
 0
 1
 0
 1147
 965
 109
 0
 0
 0
 5254
 212
 3
 0
 0
 0
 0
 0
 0
 177
 676
 0
 0
 220
 0
 0
 0
 1226
 14
 27
 0
 0
 570
 111
 10
 0
 0
 2927
 57855
 366
 94
 0
 0
 8
 53
 1465973
 60
 0
 0
 0
 45
 40
 0
 138
 437
 677
 93
 2705
 16
 3
 0
 0
 4889
 2
 357143
 0
 0
 45
 0
 86
 0
 0
 74
 910
 0
 4
 6417
 4983
 112
 0
 0
 37566
 69203
 108
 0
 0
 55
 498
 0
 0
 0
 0
 1048
 0
 0
 0
 2744
 0
 0
 232
 3
 526
 38354
 0
 1
 8
 0
 18406
 702
 0
 0
 0
 2708
 99
 0
 490021
 89
 4847
 22
 2
 4553
 44
 0
 0
 3544
 0
 0
 276634
 8
 10
 0
 0
 17
 0
 27
 0
 0
 2
 0
 0
 2
 3
 0
 111
 1247
 0
 0
 40724
 0
 0
 1260
 798
 0
 224
 86
 0
 0
 0
 0
 0
 0
 326
 2
 0
 0
 0
 15
 0
 3638
 0
 161
 587
 11
 3516
 0
 0
 0
 7921
 1692
 163519
 3673
 9
 0
 27996
 42141
 35969
 0
 14954
 23
 0
 6
 433
 0
 0
 10360
 17
 4
 7
 0
 0
 67840
 0
 961
 157
 0
 0
 8615
 0
 23843
 0
 17
 411
 7
 4977
 3121
 0
 0
 824
 0
 1279
 0
 0
 0
 26
 0
 0
 0
 12295
 0
 7
 0
 4
 0
 9
 13
 2367
 0
 3229
 19997
 0
 2416
 0
 1676
 5726
 0
 0
 296
 0
 42
 0
 155
 0
 0
 1
 0
 3378
 212
 0
 16
 3694918
 6310
 205
 0
 0
 2
 579
 32404
 6658
 541
 0
 0
 490
 0
 0
 0
 1
 193
 0
 1271
 0
 0
 4
 5
 14587
 0
 1070
 328
 0
 113728
 3209
 0
 0
 6920
 1
 251
 0
 0
 323
 0
 0
 0
 304
 3461
 0
 0
 0
 2
 1020
 0
 2710
 3496
 0
 0
 109928
 0
 0
 0
 0
 0
 187
 0
 23896
 13
 56
 0
 0
 12
 19647
 533
 211
 3947
 0
 0
 0
 16473
 0
 0
 0
 0
 0
 0
 1
 0
 88
 0
 7603
 23
 40
 453
 321
 805
 11
 21607
 28
 0
 0
 0
 0
 49401
 0
 447
 0
 1
 775
 262
 2656
 83
 193285
 874
 0
 7736
 38
 39
 0
 0
 0
 647
 27
 0
 644572
 1172
 0
 0
 0
 0
 0
 63
 3
 26423
 8
 55
 3094
 0
 0
 228867
 0
 0
 0
 24
 568018
 0
 0
 0
 0
 0
 2442
 0
 1469
 0
 5713
 0
 0
 3177
 4
 15
 0
 0
 9262
 0
 5
 0
 0
 2427
 0
 0
 61968
 0
 0
 1582
 3160
 0
 0
 1
 62
 59547
 179
 0
 21312
 0
 0
 4170
 19
 0
 454
 8
 5007204
 14897
 57108
 0
 0
 0
 1038
 8
 0
 0
 73
 10
 5
 0
 584
 6603
 3
 534
 0
 53016
 333
 307
 557
 0
 0
 0
 0
 0
 432221
 53
 41
 0
 0
 1373
 0
 66
 0
 0
 1
 0
 39295
 0
 0
 0
 60
 0
 8
 0
 0
 2
 22
 0
 126804
 0
 1
 0
 7540
 0
 1066
 0
 0
 129
 6
 6
 0
 16
 32
 17682
 0
 0
 0
 0
 0
 0
 233
 5
 12957
 1304
 38
 0
 10
 12123
 0
 0
 39
 0
 8682
 162
 0
 0
 0
 333
 4883
 0
 0
 52
 0
 2851
 3049
 0
 3732
 192
 0
 3
 2165
 234
 0
 0
 0
 0
 0
 412
 561
 0
 24137
 0
 1
 0
 75135
 0
 0
 1233
 0
 0
 0
 0
 14
 6
 0
 10245
 9444
 58092
 8683
 4
 2
 566549
 612
 61556
 1908
 0
 0
 0
 5168329
 4406
 0
 15
 0
 0
 6
 0
 0
 1473
 0
 73
 489203
 0
 0
 6
 0
 0
 0
 0
 37477
 124401
 0
 13
 15
 0
 0
 98
 0
 0
 0
 0
 57
 0
 0
 909280
 55000
 0
 0
 60152
 8
 24388
 0
 0
 18
 0
 0
 550
 0
 45
 0
 0
 0
 0
 0
 0
 22
 0
 34
 0
 26
 198
 3
 40
 0
 14
 0
 47
 82422
 17
 0
 9
 0
 0
 11
 11660
 0
 0
 2471
 12334
 24
 7
 1905
 0
 1
 4
 29162
 0
 5
 59
 0
 0
 0
 0
 11602
 93
 0
 0
 511
 0
 402
 0
 225047
 7307
 7129
 2039
 309
 976
 0
 0
 0
 21351
 3
 3517
 32
 0
 0
 113
 0
 0
 0
 0
 0
 235099
 0
 20984286
 19542
 120
 0
 0
 62017
: 388
 7014
 8376
 123
 154
 0
 47
 0
 3572
 239
 7173
 608
 79
 81
 37162
 717469
 3426
 1941
 12
 0
 0
 0
 0
 0
 0
 49
 0
 52
 471
 2053
 0
 0
 100
 1753
 0
 117
 0
 0
 0
 65
 20
 0
 984
 23
 0
 0
 0
 5
 5
 17
 0
 0
 17
 2
 1610
 123077
 7689
 0
 6
 0
 153
 89
 1
 4525
 7935
 0
 645
 0
 13692
 11
 0
 4003
 0
 0
 0
 16
 0
 135
 442
 990
 0
 33159
 0
 7077
 14
 0
 328
 39480
 0
 1
 0
 0
 52
 10
 0
 0
 0
 533
 53935
 195
 4810
 3874
 26435
 9
 8
 0
 592965
 104143
 0
 275
 6769356
 1827
 0
 1
 0
 937
 0
 0
 7914
 1
 0
 32163
 15
 19077
 0
 0
 12946
 0
 558
 0
 0
 0
 3
 0
 29
 94
 17
 0
 0
 35
 0
 0
 83
 0
 92
 119
 108686
 6
 0
 2
 0
 14207
 2
 53700
 566
 13
 141
 0
 307
 1
 0
 0
 236
 0
 1
 0
 0
 11
 2
 0
 22646
 0
 0
 41
 13162
 0
 417
 0
 0
 15
 2
 0
 0
 0
 8733
 0
 31
 0
 1215
 0
 92842
 66
 0
 160163
 41
 11114
 6960
 362
 796
 38
 16
 0
 323
 11
 0
 798
 3902
 2
 0
 228
 5060561
 958
 0
 0
 0
 33052
 16932264
 461529
 22436
 0
 349
 0
 1457
 578
 0
 0
 1
 9
 0
 988510
 0
 200171
 0
 197
 248
 0
 11
 3692454
 19373
 6
 200
 0
 80
 628359
 13
 86
 0
 3448
 157
 0
 312
 844
 2
 551
 39
 0
 19310
 0
 0
 0
 0
 0
 332
 17
 1476
 45
 0
 4
 0
 931
 0
 0
 0
 0
 684
 340
 3
 0
 3513
 1350
 0
 8542
 1052
 34
 1847
 0
 110
 366
 0
 23
 726
 55
 175
 0
 0
 294
 252
 0
 0
 0
 9771
 5
 0
 1448
 13
 3213
 7591
 0
 0
 5316
 7566
 0
 64
 6207
 2
 0
 22143
 4445
 87
 0
 0
 71
 1
 512
 0
 76
 0
 108
 0
 596
 0
 4488
 22724
 0
 15186
 6
 0
 0
 844
 344377
 56872
 311
 0
 222
 0
 0
 154
 0
 30570
 10
 0
 0
 15937
 64
 2
 0
 999
 1244
 90766
 121
 0
 0
 2725
 7953
 0
 826
 460811
 1168
 0
 0
 0
 0
 0
 0
 8195
 15
 0
 17
 0
 0
 2295
 0
 0
 0
 17716
 0
 0
 0
 0
 0
 0
 0
 15002
 0
 0
 0
 156
 314
 0
 3655995
 325
 872
 186175
 0
 1272
 0
 0
 0
 0
 264
 0
 175
 0
 9
 1135
 0
 10
 590
 0
 0
 0
 9
 406
 8953
 0
 183
 0
 646263
 34739
 1
 28175
 2
 82
 5
 794
 2
 29514
 58018
 0
 11969
 5
 1
 7450
 22
 0
 3251
 0
 0
 0
 0
 2216
 15
 34589
 0
 11528
 0
 0
 976
 8
 99
 0
 0
 105691
 0
 302
 0
 0
 399439
 0
 58272
 0
 0
 0
 0
 93
 1
 0
 847
 0
 0
 0
 828
 0
 0
 0
 5700
 0
 2454
 2
 0
 0
 0
 0
 1067
 104
 105
 0
 422
 3630
 3
 73234
 0
 46
 0
 0
 0
 0
 0
 4856
 40
 261754
 43766
 0
 635
 0
 57
 5
 0
 392
 0
 0
 869
 1
 0
 0
 8
 0
 0
 20
 2
 25021
 275
 6715
 3
 228
 791
 502
 1
 87166
 0
 0
 8
 17
 0
 0
 1879
 516
 155
 1822
 591
 30
 3
 0
 0
 0
 0
 0
 43882
 0
 171062
 20
 0
 0
 0
 0
 6
 0
 24
 20
 24
 2315
 1651
 0
 183
 19
 3
 0
 82
 514
 13596
 0
 169
 0
 75973
 24
 0
 1195
 0
 0
 0
 171014
 0
 0
 0
 0
 581311
 2
 0
 203
 0
 15
 1733
 0
 0
 0
 0
 1
 0
 0
 0
 3
 107304
 15
 16
 0
 0
 0
 0
 82
 1950
 0
 0
 0
 45
 0
 1605
 0
 0
 23868
 6
 0
 777
 53496
 1809
 341
 233
 489744
 0
 0
 41246
 0
 334
 76
 5
 78
 1039
 15423
 0
 2
 5420
 0
 369
 1
 1235
 28
 0
 0
 7314
 106
 0
 0
 59
 22
 2006
 7827
 2814
 0
 20
 0
 139
 0
 14
 0
 458
 1335
 242
 367
 3
 1
 3303
 3826
 360
 447972
 0
 8761
 0
 3
 0
 6
 0
 0
 0
 0
 0
 347
 0
 47500
 0
 0
 5838
 0
 0
 32
 0
 1242350
 0
 20
 0
 0
 13810
 2217
 0
 7
 37
 305
 0
 0
 0
 87
 5
 0
 0
 0
 0
 0
 0
 648
 0
 0
 0
 0
 38
 0
 0
 9822
 0
 13966
 2
 0
 606
 1512525
 217
 0
 12
 14
 476
 36802
 0
 0
 5
 618
 17596
 3637492
 2457822
 96842
 0
 0
 7689
 0
 89
 1075
 3
 0
 534
 0
 2
 17
 0
 0
 0
 0
 0
 1981
 8
 9
 209
 41
 0
 5753
 1
 557
 0
 0
 36032
 276
 0
 19
 0
 75911
 610
 0
 62
 0
 0
 19
 7
 0
 2
 0
 0
 0
 91
 0
 0
 0
 11356
 0
 0
 2
 0
 0
 0
 15643
 0
 0
 9
 16
 0
 0
 50680
 99
 0
 0
 0
 0
 44
 49
 98201
 0
 0
 0
 0
 292
 3280
 171
 5
 0
 0
 0
 7870
 0
 0
 150
 635
 0
 5
 0
 94
 765
 0
 1580
 0
 25
 2510
 3647
 77522
 418
 0
 61
 0
 78
 208
 0
 24267
 0
 504760
 0
 10
 3
 0
 308
 29486
 0
 0
 2
 23
 0
 0
 4
 0
 0
 148
 225605
 0
 336835
 5999
 0
 7
 15404
 1129
 0
 40
 9134
 0
 0
 0
 0
 3069
 16
 0
 468
 0
 569
 774
 0
 0
 0
 7457
 1759486
 104037
 3
 2
 41
 11202
 0
 0
 4
 20
 33
 0
 2633
 5
 0
 4
 0
 2612
 3141
 0
 0
 1793
 1
 0
 0
 9
 4
 11
 0
 362589
 0
 7
 7
 0
 52
 16
 0
 15475
 0
 0
 0
 0
 0
 4346
 13
 0
 7875
 0
 0
 0
 1174
 1
 10939
 0
 0
 0
 1070622
 0
 0
 0
 82
 18
 576
 0
 582
 647
 2697
 0
 0
 8
 10
 532827
 6
 0
 0
 0
 0
 0
 0
 109
 114
 0
 19
 35865
 0
 0
 0
 0
 0
 0
 7354
 637
 833
 0
 4347
 68
 0
 0
 0
 354
 41
 1
 0
 0
 122
 0
 4506
 0
 101025
 0
 10597
 0
 0
 859
 0
 4885
 1037
 4
 17
 281
 0
 0
 0
 41
 9076
 6
 0
 127
 0
 738
 2615
 0
 2956
 0
 0
 6
 8853
 1
 0
 0
 110
 0
 0
 1590
 1543
 1209918
 15247
 0
 0
 5
 1
 35
 0
 3
 0
 0
 0
 0
 0
 86
 412
 0
 5
 3153
 28672
 0
 0
 6
 0
 125
 35
 334588
 686
 11
 32445
 325
 0
 240
 0
 2353
 0
 3836
 9
 2497
 190
 585
 0
 0
 0
 78
 0
 0
 0
 5
 0
 0
 1450
 0
 0
 0
 33
 0
 0
 0
 0
 2138
 0
 0
 0
 117554
 0
 0
 0
 0
 0
 194
 28641
 3518
 21159
 0
 27269
 12040
 0
 93
 4
 1072
 0
 301306
 596541
 0
 0
 0
 82
 262
 0
 0
 126
 0
 1
 0
 264
 0
 0
 0
 595
 50
 6
 8872
 0
 0
 0
 7
 0
 1261
 43
 799
 0
 69
 0
 61
 1722457
 0
 16797
 615
 975
 0
 0
 0
 0
 0
 128
 0
 1
 0
 0
 0
 0
 67
 0
 21682
 124
 66
 7
 0
 4026
 0
 0
 5
 170
 0
 0
 0
 985
 3654920
 419
 324
 13
 472
 45
 0
 0
 0
 990
 0
 0
 2946
 0
 0
 0
 0
 4693
 0
 2
 4188
 48423
 3364
 165
 0
 904
 0
 14
 0
 0
 9
 0
 0
 284
 0
 3062
 42
 0
 0
 8657
 0
 0
 71770
 0
 6985
 20
 24162
 3
 921
 213344
 1060
 0
 0
 0
 0
 20336
 55
 0
 38
 86
 3001
 0
 1
 108
 0
 144062
 0
 3
 4003
 0
 69
 9
 0
 0
 0
 5995
 220
 0
 0
 0
 0
 25
 0
 39
 21158
 20055753
 49185
 14
 0
 0
 0
 0
 0
 25040
 347
 0
 0
 0
 2192
 3255
 66
 0
 0
 4575
 0
 0
 0
 466
 3
 81175
 0
 0
 0
 803
 0
 0
 156
 0
 0
 0
 53
 2223
 3606865
 68635
 28
 9005
 101
 710
 905
 2112
 0
 0
 0
 0
 45
 0
 0
 0
 0
 1058
 0
 0
 0
 78001
 320
 0
 0
 4651
 2936
 3084
 0
 14
 2709
 0
 0
 0
 518
 2
 181
 211
 0
 11
 73
 0
 0
 4
 8
 0
 0
 0
 26
 2
 0
 0
 0
 3
 0
 0
 37
 0
 0
 0
 31
 2032
 3
 0
 87109
 33
 2609
 0
 89
 0
 0
 5
 6733
 309
 110
 0
 24186
 1454
 0
 0
 0
 0
 10
 393
 24
 24
 869
 729
 0
 0
 0
 69759
 0
 10
 3
 122
 0
 52
 0
 1
 71
 0
 0
 5962
 5
 62
 227
 385131
 26218
 177
 0
 7
 102
 0
 302
 0
 1
 110
 0
 0
 14159
 0
 0
 0
 77
 0
 0
 0
 0
 1093
 0
 0
 466
 7024
 11696
 0
 251
 0
 0
 4
 718
 4
 0
 0
 0
 0
 0
 546
 97
 0
 0
 0
 95
 0
 66
 0
 9
 20257
 0
 4
 20149
 0
 0
 3018
 3421
 2047
 0
 601
 3679
 0
 0
 0
 405
 20131
 174
 0
 6
 256
 9
 55
 39
 10964
 33
 1760
 0
 0
 0
 0
 155
 0
 0
 0
 0
 165
 0
 0
 25
 1028
 14793
 0
 0
 224
 0
 0
 0
 575
 0
 0
 0
 0
 0
 0
 0
 9
 3249
 0
 0
 55
 100
 85
 0
 0
 63
 87
 0
 74
 4633
 0
 886
 0
 0
 6392
 1
 41274
 0
 0
 0
 4
 0
 0
 347
 0
 6
 76
 0
 0
 0
 1704
 971
 0
 3
 106
 0
 132
 290
 0
 5787
 104
 0
 0
 156
 62577
 385
 0
 2967
 2391
 800
 0
 0
 0
 307636
 5702
 0
 0
 171
 82850
 0
 0
 4
 106655
 0
 0
 0
 0
 0
 319
 2493
 954678
 985
 0
 4910
 66
 6150
 0
 0
 0
 0
 0
 467915
 0
 0
 18
 0
 1
 0
 13
 0
 0
 0
 3573
 0
 0
 0
 0
 0
 18
 4
 0
 0
 2590
 0
 1497630
 11521
 908
 0
 3525
 39157
 0
 3
 0
 0
 0
 1606
 0
 0
 69473
 11778
 0
 0
 33
 33
 20
 132
 2338
 0
 972
 0
 2987
 0
 0
 2
 0
 0
 328
 0
 7673
 32907
 0
 0
 0
 0
 120966
 0
 0
 728
 0
 0
 0
 0
 216
 13213
 82442
 18780
 23
 0
 7517
 0
 120
 1800106
 0
 0
 348
 0
 0
 21494
 190
 92
 8
 0
 0
 2
 0
 16
 196
 470
 0
 0
 0
 20277865
 84457
 84671
 0
 0
 268
 0
 159
 47414
 4
 45
 0
 169
 55647
 0
 0
 14
 0
 0
 0
 16
 0
 153
 0
 110
 85457
 113837
 487
 0
 0
 0
 77
 32789
 1598
 18
 160
 0
 0
 0
 136
 0
 0
 704
 151
 1495
 1280032
 34321
 18
 0
 206
 30
 6
 0
 0
 0
 14797
 2
 0
 0
 0
 0
 680
 0
 0
 0
 59
 0
 0
 0
 8551
 0
 148
 1791
 0
 9276
 10
 195
 66
 8182
 0
 12
 506
 3499
 0
 329
 1105
 7
 41
 0
 0
 0
 18109
 4033
 371
 0
 5
 0
 11827
 0
 0
 42
 0
 0
 18
 107367
 0
 6709
 307896
 0
 0
 3
 4
 0
 142
 3556
 3634
 59021
 0
 22
 38
 0
 125
 2
 0
 0
 0
 12
 2496
 0
 4106
 1160
 88
 0
 0
 0
 3240
 2310997
 3901
 0
 0
 181
 55823
 1
 0
 0
 84966
 5
 0
 0
 0
 0
 0
 14
 2563
 800
 0
 0
 1342
 0
 3
 8885
 0
 27
 0
 0
 0
 0
 4287
 0
 27423
 113
 0
 0
 0
 0
 16481
 0
 2622
 0
 20632
 53
 88
 2
 0
 0
 0
 454
 0
 0
 286
 0
 0
 0
 28278
 0
 0
 8555
 0
 7
 0
 236
 8
 0
 1467
 8
 0
 0
 0
 0
 113
 2
 9
 220
 4
 0
 0
 67
 291
 815995
 441586
 2758
 33
 21
 0
 0
 3872
 39249
 0
 0
 25056
 0
 95
 0
 0
 0
 144
 0
 0
 26778
 60
 5
 252
 1495
 0
 0
 20562178
 2309611
 473093
 152
 370
 2029
 134
 0
 5
 1
 0
 0
 124
 6509
 24
 0
 0
 0
 0
 51
 324807
 4854
 0
 0
 0
 0
 319
 75
 511
 212633
 223439
 1825
 0
 11559
 0
 3
 300
 10
 304311
 371953
 0
 0
 69
 364
 0
 0
 0
 1059
 0
 271
 0
